{
  "keyframes": [
    {
      "matrix": "[0.9430983804757186,0.3325138263953496,-5.551115123125783e-17,0,-0.14500804301368236,0.4112816961769197,0.8999000132521269,0,0.2992291967796905,-0.8486942450881585,0.4360962808243404,0,0.2992291967796853,-0.8486942450881434,0.43609628082433244,1]",
      "fov": 50,
      "aspect": 1,
      "properties": "[[\"FOV\",50],[\"NAME\",\"Camera 0\"],[\"TIME\",0]]"
    },
    {
      "matrix": "[0.9809982864836443,-0.19401639599826034,-1.3877787807814457e-17,0,0.0849629611939686,0.42959523558311496,0.8990156999682709,0,-0.17442378605369724,-0.8819328611907679,0.437916397512767,0,-0.17442378605369394,-0.8819328611907514,0.4379163975127587,1]",
      "fov": 50,
      "aspect": 1,
      "properties": "[[\"FOV\",50],[\"NAME\",\"Camera 1\"],[\"TIME\",0.09090909090909093]]"
    },
    {
      "matrix": "[0.7414632114767357,-0.6709935215980893,0,0,0.30960448351207964,0.3421200462349089,0.8871859657103702,0,-0.595296035444403,-0.6578157553127002,0.4614120308862327,0,-0.5952960354443912,-0.6578157553126873,0.4614120308862235,1]",
      "fov": 50,
      "aspect": 1,
      "properties": "[[\"FOV\",50],[\"NAME\",\"Camera 2\"],[\"TIME\",0.18181818181818185]]"
    },
    {
      "matrix": "[0.13067123719089302,-0.9914257550472457,5.551115123125783e-17,0,0.5253756066564955,0.06924520586864191,0.8480480961564201,0,-0.840776724048258,-0.1108154939221408,0.5299192642332144,0,-0.8407767240482406,-0.11081549392213857,0.5299192642332036,1]",
      "fov": 50,
      "aspect": 1,
      "properties": "[[\"FOV\",50],[\"NAME\",\"Camera 3\"],[\"TIME\",0.27272727272727276]]"
    },
    {
      "matrix": "[-0.5148042452834642,-0.8573077563151537,5.551115123125783e-17,0,0.5295184910898059,-0.3179702564931848,0.7864509416229556,0,-0.674230492214716,0.4048682834546754,0.6176527474401505,0,-0.6742304922147013,0.4048682834546666,0.6176527474401373,1]",
      "fov": 50,
      "aspect": 1,
      "properties": "[[\"FOV\",50],[\"NAME\",\"Camera 4\"],[\"TIME\",0.3636363636363637]]"
    },
    {
      "matrix": "[-0.8189955587403099,-0.5737998560157078,0,0,0.4217234162033898,-0.6019339343959551,0.6781038997442412,0,-0.38909592003693566,0.5553640822550181,0.7349660544213263,0,-0.3890959200369269,0.5553640822550059,0.7349660544213099,1]",
      "fov": 50,
      "aspect": 1,
      "properties": "[[\"FOV\",50],[\"NAME\",\"Camera 5\"],[\"TIME\",0.45454545454545453]]"
    },
    {
      "matrix": "[-0.9999979122692031,-0.002043393558590149,-1.0842021724855044e-19,0,0.0015857356311962854,-0.776028833966403,0.6306954370337975,0,-0.0012887589934670609,0.6306941203115101,0.7760304541090814,0,-0.0012887589934669206,0.630694120311496,0.7760304541090639,1]",
      "fov": 50,
      "aspect": 1,
      "properties": "[[\"FOV\",50],[\"NAME\",\"Camera 6\"],[\"TIME\",0.5454545454545454]]"
    },
    {
      "matrix": "[-0.8491291592714048,0.5281852618873775,0,0,-0.4119025828869509,-0.6621890445384941,0.6259727881499761,0,0.33062960104336697,0.5315317473285663,0.7798449002819375,0,0.33062960104335937,0.5315317473285539,0.7798449002819194,1]",
      "fov": 50,
      "aspect": 1,
      "properties": "[[\"FOV\",50],[\"NAME\",\"Camera 7\"],[\"TIME\",0.6363636363636364]]"
    },
    {
      "matrix": "[-0.4761755636383862,0.8793502331799687,0,0,-0.6570445190249523,-0.3557951455255792,0.6646068871443487,0,0.5844222211833962,0.3164695590839135,0.7471932049746566,0,0.5844222211833822,0.31646955908390584,0.7471932049746385,1]",
      "fov": 50,
      "aspect": 1,
      "properties": "[[\"FOV\",50],[\"NAME\",\"Camera 8\"],[\"TIME\",0.7272727272727272]]"
    },
    {
      "matrix": "[0.062164848390276584,0.9980658954320671,0,0,-0.6644525086908848,0.041385633608316486,0.7461836858476791,0,0.7447404885723642,-0.0463863957020188,0.6657401196974477,0,0.7447404885723458,-0.046386395702017746,0.6657401196974311,1]",
      "fov": 50,
      "aspect": 1,
      "properties": "[[\"FOV\",50],[\"NAME\",\"Camera 9\"],[\"TIME\",0.8181818181818181]]"
    },
    {
      "matrix": "[0.5069763087024601,0.8619599888709615,1.1102230246251565e-16,0,-0.488848215820171,0.2875243249943884,0.8236244195177539,0,0.7099312954813751,-0.4175580679643175,0.5671356236157654,0,0.7099312954813567,-0.4175580679643068,0.5671356236157509,1]",
      "fov": 50,
      "aspect": 1,
      "properties": "[[\"FOV\",50],[\"NAME\",\"Camera 10\"],[\"TIME\",0.9090909090909091]]"
    },
    {
      "matrix": "[0.8054220846517304,0.5927016665703422,0,0,-0.2914034522720475,0.39598804802046017,0.8707913032574903,0,0.5161194566756746,-0.701354546766245,0.49165283093980217,0,0.5161194566756608,-0.7013545467662263,0.4916528309397892,1]",
      "fov": 50,
      "aspect": 1,
      "properties": "[[\"FOV\",50],[\"NAME\",\"Camera 11\"],[\"TIME\",1]]"
    }
  ],
  "camera_type": "perspective",
  "render_height": 1080,
  "render_width": 1920,
  "camera_path": [
    {
      "camera_to_world": [
        0.9430983804757187,
        -0.14500804301368236,
        0.2992291967796905,
        0.2992291967796853,
        0.33251382639534965,
        0.4112816961769198,
        -0.8486942450881585,
        -0.8486942450881434,
        -5.551115123125783e-17,
        0.8999000132521269,
        0.43609628082434054,
        0.43609628082433244,
        0,
        0,
        0,
        1
      ],
      "fov": 50,
      "aspect": 1
    },
    {
      "camera_to_world": [
        0.9542638130082806,
        -0.12961161412315111,
        0.2694093626199519,
        0.26857978773788643,
        0.2989650510301194,
        0.4157779144902226,
        -0.8589229442067077,
        -0.8562781181575517,
        -0.0006880737282230903,
        0.9001830676626575,
        0.43551116087649455,
        0.43417011943528777,
        0,
        0,
        0,
        1
      ],
      "fov": 50,
      "aspect": 1
    },
    {
      "camera_to_world": [
        0.9652066711613516,
        -0.11283095720881771,
        0.23589246923326002,
        0.2345350987292649,
        0.2614856604296422,
        0.4204588270127787,
        -0.8688150690317887,
        -0.8638157405158606,
        -0.0011538350386627318,
        0.9002685987428309,
        0.435333342144067,
        0.4328283506114723,
        0,
        0,
        0,
        1
      ],
      "fov": 50,
      "aspect": 1
    },
    {
      "camera_to_world": [
        0.9753633695920011,
        -0.09481584699153456,
        0.19918898668705443,
        0.19763253158781383,
        0.22059989951224665,
        0.42496460993984025,
        -0.8779184270955168,
        -0.8710584061912626,
        -0.0014076907772389152,
        0.9002305457259031,
        0.43541128022677406,
        0.4320089931894854,
        0,
        0,
        0,
        1
      ],
      "fov": 50,
      "aspect": 1
    },
    {
      "camera_to_world": [
        0.984226856648309,
        -0.07576721436527376,
        0.15986501768528336,
        0.15840948814752653,
        0.17690493483502895,
        0.42897899193359806,
        -0.8858225942651543,
        -0.8777574092119493,
        -0.0014624237427888211,
        0.9001312980376588,
        0.4356162389188859,
        0.4316500660059262,
        0,
        0,
        0,
        1
      ],
      "fov": 50,
      "aspect": 1
    },
    {
      "camera_to_world": [
        0.9913735865657085,
        -0.055927843067144795,
        0.11853475536609759,
        0.1174033702423961,
        0.13105960285962712,
        0.4322485396063635,
        -0.8921796794964807,
        -0.8836640436061133,
        -0.0013387897970185345,
        0.9000184866868141,
        0.43584966589852586,
        0.431689587897394,
        0,
        0,
        0,
        1
      ],
      "fov": 50,
      "aspect": 1
    },
    {
      "camera_to_world": [
        0.9964851846425402,
        -0.03556543246442396,
        0.07584442498655446,
        0.07515157970641578,
        0.08376235987425319,
        0.43459740681513237,
        -0.8967212281739841,
        -0.8885296034019463,
        -0.0010695121405042557,
        0.8999223266500175,
        0.4360489217285149,
        0.432065577700488,
        0,
        0,
        0,
        1
      ],
      "fov": 50,
      "aspect": 1
    },
    {
      "camera_to_world": [
        0.999361535651519,
        -0.014950505359592086,
        0.03245001463374948,
        0.032191518373578865,
        0.035721546107099024,
        0.43593501602472456,
        -0.8992689436132227,
        -0.8921053826276404,
        -0.0007015724881619267,
        0.8998539571469452,
        0.4361907422252653,
        0.43271605425180737,
        0,
        0,
        0,
        1
      ],
      "fov": 50,
      "aspect": 1
    },
    {
      "camera_to_world": [
        0.9999233513049443,
        0.005667312103413905,
        -0.011007864852534868,
        -0.010939411922121556,
        -0.0123775358187275,
        0.43625543083216367,
        -0.8997377371637245,
        -0.8941426753113878,
        -0.0002968537439413839,
        0.8998050236817784,
        0.43629213978123527,
        0.43357903638795137,
        0,
        0,
        0,
        1
      ],
      "fov": 50,
      "aspect": 1
    },
    {
      "camera_to_world": [
        0.9982041517712533,
        0.0260809121272499,
        -0.053928261693137726,
        -0.05370380934669226,
        -0.059903811862573264,
        0.43562887772442804,
        -0.8981308447085473,
        -0.8943927754813804,
        0.00006863647939450365,
        0.8997484464644361,
        0.43640890042925073,
        0.4345925429455194,
        0,
        0,
        0,
        1
      ],
      "fov": 50,
      "aspect": 1
    },
    {
      "camera_to_world": [
        0.9943334516393678,
        0.04614222703759577,
        -0.09576994223111947,
        -0.09556427206614006,
        -0.10630565813960137,
        0.43418744413101046,
        -0.8945280154396992,
        -0.8926069771658106,
        0.0003065916619957102,
        0.8996400159191407,
        0.43663227979452124,
        0.43569459276111044,
        0,
        0,
        0,
        1
      ],
      "fov": 50,
      "aspect": 1
    },
    {
      "camera_to_world": [
        0.9885142381705389,
        0.06577203026198347,
        -0.136064841047701,
        -0.13598339824647165,
        -0.15112742726626918,
        0.43210795697724275,
        -0.8890687342634604,
        -0.8885365743928704,
        0.00031884478659569704,
        0.8994202319006228,
        0.43708482561835976,
        0.4368232046713238,
        0,
        0,
        0,
        1
      ],
      "fov": 50,
      "aspect": 1
    },
    {
      "camera_to_world": [
        0.9809982864836444,
        0.0849629611939686,
        -0.17442378605369727,
        -0.17442378605369394,
        -0.19401639599826032,
        0.42959523558311485,
        -0.8819328611907681,
        -0.8819328611907514,
        -1.3877787807814454e-17,
        0.8990156999682711,
        0.43791639751276706,
        0.4379163975127587,
        0,
        0,
        0,
        1
      ],
      "fov": 50,
      "aspect": 1
    },
    {
      "camera_to_world": [
        0.9717616747564866,
        0.1038624428206832,
        -0.2118769464707963,
        -0.21190265866357255,
        -0.235964265688485,
        0.426453448305832,
        -0.8731885946037999,
        -0.8732945598531983,
        -0.00033584603972863775,
        0.8985265991607513,
        0.4389189421841489,
        0.4389722069146567,
        0,
        0,
        0,
        1
      ],
      "fov": 50,
      "aspect": 1
    },
    {
      "camera_to_world": [
        0.9605842268244609,
        0.1225564407499752,
        -0.2495152540562409,
        -0.24965359646140567,
        -0.27798889838181334,
        0.42239275359110534,
        -0.8627320175408988,
        -0.863210354718202,
        -0.0003399301670579113,
        0.8980892386307844,
        0.4398131465782485,
        0.4400569986375178,
        0,
        0,
        0,
        1
      ],
      "fov": 50,
      "aspect": 1
    },
    {
      "camera_to_world": [
        0.9474597870637627,
        0.1410248854685604,
        -0.2871096194411973,
        -0.28746373342749854,
        -0.3198748908797564,
        0.4174926085516579,
        -0.8505174754168171,
        -0.8515664828803252,
        -0.00007798559888652634,
        0.8976702643417078,
        0.44066777784963446,
        0.4412112867148289,
        0,
        0,
        0,
        1
      ],
      "fov": 50,
      "aspect": 1
    },
    {
      "camera_to_world": [
        0.9323960019729384,
        0.1592838641993032,
        -0.32444775559497785,
        -0.32512020354215626,
        -0.36143817668788636,
        0.41183053141789266,
        -0.8365154259334326,
        -0.8382491814341312,
        0.00037408209901912415,
        0.897231443941748,
        0.44156041043643063,
        0.44247558518007685,
        0,
        0,
        0,
        1
      ],
      "fov": 50,
      "aspect": 1
    },
    {
      "camera_to_world": [
        0.9154070227349788,
        0.1773847176306882,
        -0.36133730042518913,
        -0.36241014078568445,
        -0.40252840178497906,
        0.40547424926676484,
        -0.8207079376599108,
        -0.8231446874741823,
        0.0009319248429153215,
        0.8967303357936736,
        0.44257636220595054,
        0.4438904080667488,
        0,
        0,
        0,
        1
      ],
      "fov": 50,
      "aspect": 1
    },
    {
      "camera_to_world": [
        0.8965057055723608,
        0.19541138383032872,
        -0.39760773501746627,
        -0.39912067913838806,
        -0.4430296326057119,
        0.39847431403734285,
        -0.803083411412362,
        -0.8061392380950417,
        0.0015048287117555852,
        0.8961208691476752,
        0.4438075296438348,
        0.4454962694083315,
        0,
        0,
        0,
        1
      ],
      "fov": 50,
      "aspect": 1
    },
    {
      "camera_to_world": [
        0.8756955751575195,
        0.21347633034482574,
        -0.4331109742687756,
        -0.4350389525805725,
        -0.4828594697230179,
        0.3908574622875617,
        -0.7836307655222153,
        -0.7871190703912723,
        0.001998036122597941,
        0.8953537292917442,
        0.44535121791123317,
        0.44733368323831196,
        0,
        0,
        0,
        1
      ],
      "fov": 50,
      "aspect": 1
    },
    {
      "camera_to_world": [
        0.8529627257926969,
        0.2317154292335479,
        -0.4677205878122166,
        -0.4699520950925431,
        -0.5219666924552018,
        0.38262082771655986,
        -0.7623333091009938,
        -0.7659704214574362,
        0.0023152485114184833,
        0.8943764655068955,
        0.4473090403420471,
        0.4494431635901771,
        0,
        0,
        0,
        1
      ],
      "fov": 50,
      "aspect": 1
    },
    {
      "camera_to_world": [
        0.8282677397294312,
        0.25028207455199214,
        -0.5013296664685328,
        -0.5036472406546049,
        -0.5603275610074963,
        0.37372696082493695,
        -0.7391624876358018,
        -0.742579528388097,
        0.00236129178416436,
        0.8931332721999036,
        0.4497859295160343,
        0.45186522449741395,
        0,
        0,
        0,
        1
      ],
      "fov": 50,
      "aspect": 1
    },
    {
      "camera_to_world": [
        0.8015376178388194,
        0.2693407273596454,
        -0.5338473749815091,
        -0.5359115232470631,
        -0.597940854296015,
        0.3640994874380833,
        -0.7140716336692536,
        -0.7168326282778174,
        0.00204498240156667,
        0.8915644316776562,
        0.4528892604315928,
        0.4546403799935093,
        0,
        0,
        0,
        1
      ],
      "fov": 50,
      "aspect": 1
    },
    {
      "camera_to_world": [
        0.7726576595297614,
        0.2890599114493823,
        -0.56519422215984,
        -0.5665320768502234,
        -0.634821626041786,
        0.3536191613105248,
        -0.6869898047742076,
        -0.6886159582211601,
        0.0012822946830561843,
        0.8896054498185791,
        0.4567280365528587,
        0.45780914411195023,
        0,
        0,
        0,
        1
      ],
      "fov": 50,
      "aspect": 1
    },
    {
      "camera_to_world": [
        0.7414632114767361,
        0.30960448351207953,
        -0.5952960354444027,
        -0.5952960354443909,
        -0.6709935215980889,
        0.34212004623490894,
        -0.6578157553127006,
        -0.6578157553126875,
        -1.3877787807814457e-16,
        0.8871859657103703,
        0.46141203088623267,
        0.46141203088622346,
        0,
        0,
        0,
        1
      ],
      "fov": 50,
      "aspect": 1
    },
    {
      "camera_to_world": [
        0.70666349890824,
        0.3313506612650681,
        -0.6251667286332231,
        -0.6232049223940231,
        -0.7075481148632279,
        0.3290146174637503,
        -0.6253999093769319,
        -0.623437371404233,
        -0.0015376814548359596,
        0.884282828496847,
        0.46694915650567276,
        0.4654838453707939,
        0,
        0,
        0,
        1
      ],
      "fov": 50,
      "aspect": 1
    },
    {
      "camera_to_world": [
        0.6671414073655767,
        0.35411490711501703,
        -0.6553815492804178,
        -0.6511282882252599,
        -0.7449254308732595,
        0.31370180199332065,
        -0.5887930721946654,
        -0.584971953571076,
        -0.0029060310677380967,
        0.8810186218151499,
        0.47307266143623977,
        0.47000253910924417,
        0,
        0,
        0,
        1
      ],
      "fov": 50,
      "aspect": 1
    },
    {
      "camera_to_world": [
        0.623080886685756,
        0.3772033422418117,
        -0.6851918324443884,
        -0.6786553076609302,
        -0.7821474336666739,
        0.2960594478687333,
        -0.5482647128315818,
        -0.5430344317429495,
        -0.00394976651566853,
        0.8775342967253572,
        0.4794976093946708,
        0.4749233458687381,
        0,
        0,
        0,
        1
      ],
      "fov": 50,
      "aspect": 1
    },
    {
      "camera_to_world": [
        0.5748593702359053,
        0.39993937566500687,
        -0.7138523658605209,
        -0.7053751554238625,
        -0.8182395399417992,
        0.27611337059438695,
        -0.5042275893431849,
        -0.498239735849587,
        -0.00455628443045894,
        0.8739621858934694,
        0.48597256908234804,
        0.4802014994164397,
        0,
        0,
        0,
        1
      ],
      "fov": 50,
      "aspect": 1
    },
    {
      "camera_to_world": [
        0.5230520387867857,
        0.42171117751863796,
        -0.7406593329438511,
        -0.7308770062368866,
        -0.8522879608803351,
        0.25403762159801996,
        -0.45724186001640493,
        -0.4512027958207207,
        -0.004668667842898434,
        0.8704163196819468,
        0.49229425547319533,
        0.4857922335195129,
        0,
        0,
        0,
        1
      ],
      "fov": 50,
      "aspect": 1
    },
    {
      "camera_to_world": [
        0.4684092651755189,
        0.4420200009689893,
        -0.7649909012799466,
        -0.7547500348228308,
        -0.883501170404779,
        0.2301333296526308,
        -0.40800040744633953,
        -0.4025385415860842,
        -0.004294437229257931,
        0.8669815276730919,
        0.49832177203340783,
        0.49165078194512174,
        0,
        0,
        0,
        1
      ],
      "fov": 50,
      "aspect": 1
    },
    {
      "camera_to_world": [
        0.4118087235160121,
        0.4605192245627578,
        -0.7863431941870095,
        -0.776583415904524,
        -0.9112635538858945,
        0.20478752035688336,
        -0.3572965251235011,
        -0.35286190307541043,
        -0.0035086458017737363,
        0.863703719636656,
        0.5039876725580124,
        0.49773237846043006,
        0,
        0,
        0,
        1
      ],
      "fov": 50,
      "aspect": 1
    },
    {
      "camera_to_world": [
        0.35418958541815754,
        0.47703568926446543,
        -0.8043548276409423,
        -0.7959663242047954,
        -0.935170428731894,
        0.1784186950317664,
        -0.30597882032677876,
        -0.30278781021843254,
        -0.002450878764714615,
        0.8605833605358273,
        0.5093037136740147,
        0.5039922568326021,
        0,
        0,
        0,
        1
      ],
      "fov": 50,
      "aspect": 1
    },
    {
      "camera_to_world": [
        0.2964804317604254,
        0.4915694837424774,
        -0.8188154836324885,
        -0.8124879344464738,
        -0.9550380198351933,
        0.1514195069368742,
        -0.2549009878134389,
        -0.2529311929448832,
        -0.0013169101809900887,
        0.857573073021855,
        0.5143604671584191,
        0.5103856508288014,
        0,
        0,
        0,
        1
      ],
      "fov": 50,
      "aspect": 1
    },
    {
      "camera_to_world": [
        0.23953332005406935,
        0.5042740991506917,
        -0.8296574121344502,
        -0.8257374213523883,
        -0.9708880822924907,
        0.12410710662328213,
        -0.20487498077609986,
        -0.2039069811844959,
        -0.000346765460816495,
        0.8545788781682799,
        0.5193215003659674,
        0.5168677942161921,
        0,
        0,
        0,
        1
      ],
      "fov": 50,
      "aspect": 1
    },
    {
      "camera_to_world": [
        0.1840737311296115,
        0.5154236010891992,
        -0.8369321196777345,
        -0.8353039596453675,
        -0.9829124202776942,
        0.09668871172787871,
        -0.15663482080383206,
        -0.15633010486700324,
        0.0001886050606504236,
        0.8514633312507621,
        0.5244141111406957,
        0.5233939207619381,
        0,
        0,
        0,
        1
      ],
      "fov": 50,
      "aspect": 1
    },
    {
      "camera_to_world": [
        0.13067123719089305,
        0.5253756066564955,
        -0.8407767240482581,
        -0.8407767240482406,
        -0.9914257550472457,
        0.06924520586864198,
        -0.1108154939221408,
        -0.11081549392213857,
        1.040834085586084e-16,
        0.8480480961564202,
        0.5299192642332144,
        0.5299192642332036,
        0,
        0,
        0,
        1
      ],
      "fov": 50,
      "aspect": 1
    },
    {
      "camera_to_world": [
        0.07719311638731911,
        0.534764585616438,
        -0.8414678013761984,
        -0.8417010337556049,
        -0.9970158613233278,
        0.040750678359132764,
        -0.06556488757691521,
        -0.06558306041099177,
        -0.0007713962126093335,
        0.8440179027625836,
        0.536314445791024,
        0.5364630978179911,
        0,
        0,
        0,
        1
      ],
      "fov": 50,
      "aspect": 1
    },
    {
      "camera_to_world": [
        0.021373826883295994,
        0.5435542624076483,
        -0.8391018551658911,
        -0.8382357194663912,
        -0.9997701539701744,
        0.010216057780112947,
        -0.01884864435144723,
        -0.01882918844909237,
        -0.001672947942060277,
        0.8393118585972145,
        0.543647684868861,
        0.5430865221626694,
        0,
        0,
        0,
        1
      ],
      "fov": 50,
      "aspect": 1
    },
    {
      "camera_to_world": [
        -0.03640179693751995,
        0.5511620653720394,
        -0.833603794901719,
        -0.8308902231599276,
        -0.9993339971747606,
        -0.02219992329749711,
        0.028960757868206077,
        0.028866483952164974,
        -0.0025438691859406737,
        0.8341028360462592,
        0.5516031069792409,
        0.5498075122219502,
        0,
        0,
        0,
        1
      ],
      "fov": 50,
      "aspect": 1
    },
    {
      "camera_to_world": [
        -0.09556248198092487,
        0.5570689336207387,
        -0.8249497046682897,
        -0.8201739868155428,
        -0.9954181461259841,
        -0.05618052765388352,
        0.07737223452660767,
        0.07692431878138742,
        -0.0032444415165888496,
        0.8285637884358599,
        0.5598852758307375,
        0.5566440429505465,
        0,
        0,
        0,
        1
      ],
      "fov": 50,
      "aspect": 1
    },
    {
      "camera_to_world": [
        -0.15536300569342817,
        0.5608636195770944,
        -0.8132000594544888,
        -0.8065964524125648,
        -0.987850643904435,
        -0.09126311225169242,
        0.12578612673792017,
        0.1247646780271808,
        -0.0036663059742649273,
        0.8228627130797794,
        0.5682283991701643,
        0.56361408930317,
        0,
        0,
        0,
        1
      ],
      "fov": 50,
      "aspect": 1
    },
    {
      "camera_to_world": [
        -0.21491732276975167,
        0.5622860905013041,
        -0.7985267038754821,
        -0.7906670619303224,
        -0.9766250745200052,
        -0.12686897407502234,
        0.17351578382367905,
        0.17180792367815206,
        -0.0037427519657056707,
        0.8171527493962868,
        0.5764090352881472,
        0.5707356262345334,
        0,
        0,
        0,
        1
      ],
      "fov": 50,
      "aspect": 1
    },
    {
      "camera_to_world": [
        -0.27325189583511894,
        0.5612606291581747,
        -0.7812297405881853,
        -0.7728952573481438,
        -0.9619363007771118,
        -0.1623512284302751,
        0.21981954388640357,
        0.2174744177229071,
        -0.0034575525678111757,
        0.8115593538270325,
        0.584259754343982,
        0.5780266286993488,
        0,
        0,
        0,
        1
      ],
      "fov": 50,
      "aspect": 1
    },
    {
      "camera_to_world": [
        -0.329373309211408,
        0.5579098980871324,
        -0.7617412741840445,
        -0.7537904806453573,
        -0.9441954752609318,
        -0.19705552810984645,
        0.26393943119233426,
        0.26118452215005244,
        -0.0028509079097133187,
        0.8061672682872676,
        0.5916808327690996,
        0.5855050716523285,
        0,
        0,
        0,
        1
      ],
      "fov": 50,
      "aspect": 1
    },
    {
      "camera_to_world": [
        -0.3823394448473878,
        0.5525450498989719,
        -0.7406149584945837,
        -0.7338621738012914,
        -0.9240197305030493,
        -0.23038363909340004,
        0.30514081418118144,
        0.30235859894819467,
        -0.002021522907035806,
        0.8010102038490051,
        0.5986472807713333,
        0.5931889300481848,
        0,
        0,
        0,
        1
      ],
      "fov": 50,
      "aspect": 1
    },
    {
      "camera_to_world": [
        -0.4313213788827866,
        0.5456329992049244,
        -0.7185029563594647,
        -0.7136197787952747,
        -0.902197651968544,
        -0.2618478275141201,
        0.3427464252309305,
        0.34041701010594005,
        -0.0011246782196795144,
        0.7960655408977171,
        0.6052093767400895,
        0.6010961788416302,
        0,
        0,
        0,
        1
      ],
      "fov": 50,
      "aspect": 1
    },
    {
      "camera_to_world": [
        -0.47564476888837304,
        0.5377480162241175,
        -0.6961243602088297,
        -0.6935727376066348,
        -0.8796373793094895,
        -0.2911057374067543,
        0.37615891664348894,
        0.3747801176118954,
        -0.0003670839953470728,
        0.7912550288597832,
        0.6114861769111745,
        0.609244792987377,
        0,
        0,
        0,
        1
      ],
      "fov": 50,
      "aspect": 1
    },
    {
      "camera_to_world": [
        -0.5148042452834638,
        0.5295184910898058,
        -0.6742304922147163,
        -0.6742304922147012,
        -0.8573077563151539,
        -0.3179702564931844,
        0.4048682834546753,
        0.4048682834546662,
        1.3877787807814457e-16,
        0.7864509416229557,
        0.6176527474401504,
        0.6176527474401371,
        0,
        0,
        0,
        1
      ],
      "fov": 50,
      "aspect": 1
    },
    {
      "camera_to_world": [
        -0.5493319446116158,
        0.521745606472089,
        -0.652698963348566,
        -0.654948035869787,
        -0.8356042025514401,
        -0.3431645318726814,
        0.4289565487820129,
        0.4304346488569907,
        -0.00017693951684957798,
        0.7810375318713406,
        0.6244840610461823,
        0.6266359105518625,
        0,
        0,
        0,
        1
      ],
      "fov": 50,
      "aspect": 1
    },
    {
      "camera_to_world": [
        -0.58048179412478,
        0.5147434039069202,
        -0.6309359038951531,
        -0.6347591548446425,
        -0.8142729164795852,
        -0.3676275161549989,
        0.4492322638163208,
        0.45195445424576675,
        -0.0007100545803596647,
        0.7745251690552242,
        0.6325426928852071,
        0.6363756804141084,
        0,
        0,
        0,
        1
      ],
      "fov": 50,
      "aspect": 1
    },
    {
      "camera_to_world": [
        -0.6089063287827704,
        0.5083523811080433,
        -0.608942476257053,
        -0.6136914806522512,
        -0.7932408801988493,
        -0.39158418483312735,
        0.46629468383194156,
        0.46993121041584307,
        -0.0014102303513943983,
        0.7669678499196416,
        0.6416839786374583,
        0.6466883265909937,
        0,
        0,
        0,
        1
      ],
      "fov": 50,
      "aspect": 1
    },
    {
      "camera_to_world": [
        -0.6351935198649901,
        0.502336325993093,
        -0.5866748741077001,
        -0.5917726448055971,
        -0.7723500787477764,
        -0.4152239956866811,
        0.4806915739476726,
        0.4848684281620679,
        -0.002132646203268862,
        0.7584505580416883,
        0.6517270922912622,
        0.6573901186466371,
        0,
        0,
        0,
        1
      ],
      "fov": 50,
      "aspect": 1
    },
    {
      "camera_to_world": [
        -0.6598673963957342,
        0.4963961518289931,
        -0.5640619466187046,
        -0.5690302788176635,
        -0.7513769866769022,
        -0.4386966649704933,
        0.49292784465487965,
        0.4972696182792894,
        -0.002764609602348145,
        0.7490901792128462,
        0.66246227088085,
        0.6682973261451571,
        0,
        0,
        0,
        1
      ],
      "fov": 50,
      "aspect": 1
    },
    {
      "camera_to_world": [
        -0.6833910603514313,
        0.4901793920747288,
        -0.5410183196685633,
        -0.5454920142014342,
        -0.7300454142109897,
        -0.4621109973881324,
        0.503475043356123,
        0.507638291562356,
        -0.0032174246301891205,
        0.7390382870177936,
        0.6736557418300197,
        0.6792262186506723,
        0,
        0,
        0,
        1
      ],
      "fov": 50,
      "aspect": 1
    },
    {
      "camera_to_world": [
        -0.7061697573655554,
        0.4832862144259791,
        -0.517454064365214,
        -0.5211854824698928,
        -0.7080342944297375,
        -0.48553461167943907,
        0.5127802441325915,
        0.5164779588061158,
        -0.0034222351842421173,
        0.7284851239435867,
        0.6850530727609656,
        0.6899930657273016,
        0,
        0,
        0,
        1
      ],
      "fov": 50,
      "aspect": 1
    },
    {
      "camera_to_world": [
        -0.7285525105356269,
        0.47527292986085246,
        -0.4932817466050377,
        -0.4961383151360223,
        -0.6849818625733649,
        -0.5089929508031217,
        0.5212734637196247,
        0.5242921308054175,
        -0.0033297654210751046,
        0.7176641402314956,
        0.6963814288793382,
        0.7004141369391634,
        0,
        0,
        0,
        1
      ],
      "fov": 50,
      "aspect": 1
    },
    {
      "camera_to_world": [
        -0.7508313013785324,
        0.46565401420902147,
        -0.4684214938719655,
        -0.4703781437128072,
        -0.6604875970465865,
        -0.5324662338845109,
        0.5293730668635036,
        0.531584318355109,
        -0.0029139351134307707,
        0.7068564556003362,
        0.707351016227647,
        0.7103057018503766,
        0,
        0,
        0,
        1
      ],
      "fov": 50,
      "aspect": 1
    },
    {
      "camera_to_world": [
        -0.7732370239031583,
        0.45390374928723976,
        -0.44280457455673766,
        -0.4439325997132303,
        -0.6341133613775064,
        -0.5558831094463413,
        0.5374888031901567,
        0.5388580322500387,
        -0.002179400813740185,
        0.6963945397655364,
        0.7176558333887071,
        0.7194840300250596,
        0,
        0,
        0,
        1
      ],
      "fov": 50,
      "aspect": 1
    },
    {
      "camera_to_world": [
        -0.7959315702388816,
        0.43945880056074826,
        -0.41637590961386883,
        -0.41682931465027595,
        -0.6053854633917581,
        -0.5791098301329537,
        0.546022202256765,
        0.5466167832850549,
        -0.0011731202046454394,
        0.6866642318142759,
        0.7269737660575487,
        0.7277653910273311,
        0,
        0,
        0,
        1
      ],
      "fov": 50,
      "aspect": 1
    },
    {
      "camera_to_world": [
        -0.8189955587403105,
        0.42172341620338977,
        -0.3890959200369355,
        -0.3890959200369266,
        -0.5737998560157076,
        -0.6019339343959557,
        0.5553640822550183,
        0.555364082255006,
        -5.551115123125783e-17,
        0.6781038997442411,
        0.7349660544213265,
        0.73496605442131,
        0,
        0,
        0,
        1
      ],
      "fov": 50,
      "aspect": 1
    },
    {
      "camera_to_world": [
        -0.8426485407398265,
        0.39994692204822785,
        -0.3605355687490347,
        -0.3601954987583267,
        -0.5384633080641521,
        -0.6248385174740859,
        0.5653619132461937,
        0.5648286437514494,
        0.0008382467722891362,
        0.6705365662101771,
        0.7418760076437394,
        0.7411762437677337,
        0,
        0,
        0,
        1
      ],
      "fov": 50,
      "aspect": 1
    },
    {
      "camera_to_world": [
        -0.8666066996877313,
        0.37392668035845433,
        -0.3304113584192358,
        -0.3297562328181298,
        -0.4989906737160823,
        -0.6479885926633437,
        0.5754294842311694,
        0.5742885471019057,
        0.0010656456768744493,
        0.6635432325736476,
        0.7481371818757611,
        0.7466538072625791,
        0,
        0,
        0,
        1
      ],
      "fov": 50,
      "aspect": 1
    },
    {
      "camera_to_world": [
        -0.8901247897240299,
        0.3439682728720246,
        -0.2989375954546168,
        -0.29805340240708705,
        -0.45571607129143993,
        -0.6706293971676769,
        0.5853025491326803,
        0.5835713502051671,
        0.000849167502276843,
        0.6572229750335535,
        0.7536957210987721,
        0.7514664514228224,
        0,
        0,
        0,
        1
      ],
      "fov": 50,
      "aspect": 1
    },
    {
      "camera_to_world": [
        -0.9124861180501076,
        0.3105193216498815,
        -0.2663584713275376,
        -0.2653622877159488,
        -0.4091075252023677,
        -0.6920466487504437,
        0.5947289035990045,
        0.592504610960026,
        0.0003423282626271174,
        0.6516511235587469,
        0.7585187512355798,
        0.7556818827654403,
        0,
        0,
        0,
        1
      ],
      "fov": 50,
      "aspect": 1
    },
    {
      "camera_to_world": [
        -0.9330426679008703,
        0.2741677115339606,
        -0.23294515626785917,
        -0.23195816893546545,
        -0.35976559262692165,
        -0.7116103570398743,
        0.6034727981569531,
        0.6009158872652748,
        -0.000313429778793034,
        0.6468715217922439,
        0.7625989352575574,
        0.7593678078074098,
        0,
        0,
        0,
        1
      ],
      "fov": 50,
      "aspect": 1
    },
    {
      "camera_to_world": [
        -0.9512548299403215,
        0.23562027666936922,
        -0.19899078807186021,
        -0.19811632625638764,
        -0.30840439468143316,
        -0.7288179488899704,
        0.6113191692700265,
        0.6086327370197061,
        -0.0009888662138393678,
        0.6428899459457011,
        0.7659579228296712,
        0.7625919330657069,
        0,
        0,
        0,
        1
      ],
      "fov": 50,
      "aspect": 1
    },
    {
      "camera_to_world": [
        -0.9667239807787122,
        0.19566412186715074,
        -0.1648038118531149,
        -0.1641120398694655,
        -0.25581690021995634,
        -0.7433292533495783,
        0.6180771268026437,
        0.615482718122112,
        -0.001567976151929426,
        0.6396695807436175,
        0.7686484039676865,
        0.7654219650573084,
        0,
        0,
        0,
        1
      ],
      "fov": 50,
      "aspect": 1
    },
    {
      "camera_to_world": [
        -0.9792121078518623,
        0.15511632821006147,
        -0.1307003158333642,
        -0.13022058996545038,
        -0.20282960391103388,
        -0.7549870134300031,
        0.6235822009401307,
        0.6212933884712849,
        -0.0019492597584079559,
        0.6371291346930172,
        0.7707546082325564,
        0.7679256102991912,
        0,
        0,
        0,
        1
      ],
      "fov": 50,
      "aspect": 1
    },
    {
      "camera_to_world": [
        -0.9886453099252286,
        0.1147702156094261,
        -0.09699612761247053,
        -0.0967172567350921,
        -0.15025399336929454,
        -0.763819506549431,
        0.6276969801513814,
        0.6258923059660175,
        -0.0020466165808031844,
        0.635143730996024,
        0.7723912559946685,
        0.7701705753083314,
        0,
        0,
        0,
        1
      ],
      "fov": 50,
      "aspect": 1
    },
    {
      "camera_to_world": [
        -0.9951014717499361,
        0.07534673212130835,
        -0.06399945999577648,
        -0.06387732036914189,
        -0.09884259635331594,
        -0.7700256606284118,
        0.6303099421077801,
        0.6291070285051019,
        -0.0017894321017171149,
        0.6335482238412619,
        0.7737011348061573,
        0.772224566601706,
        0,
        0,
        0,
        1
      ],
      "fov": 50,
      "aspect": 1
    },
    {
      "camera_to_world": [
        -0.9987855632588486,
        0.03745784278794585,
        -0.032004822126958356,
        -0.03197606105834964,
        -0.0492558675336204,
        -0.773946500049341,
        0.6313324596239973,
        0.6307651139873307,
        -0.0011216680503382604,
        0.6321421715682709,
        0.7748516095264537,
        0.7741552906962914,
        0,
        0,
        0,
        1
      ],
      "fov": 50,
      "aspect": 1
    },
    {
      "camera_to_world": [
        -0.9999979122692031,
        0.001585735631195545,
        -0.0012887589934664216,
        -0.0012887589934662813,
        -0.002043393558589171,
        -0.7760288339664032,
        0.6306941203115101,
        0.630694120311496,
        2.883977778811441e-17,
        0.6306954370337976,
        0.7760304541090814,
        0.7760304541090639,
        0,
        0,
        0,
        1
      ],
      "fov": 50,
      "aspect": 1
    },
    {
      "camera_to_world": [
        -0.9990269362836306,
        -0.033609463691406403,
        0.02855844061077365,
        0.028576523341971218,
        0.04409162564659171,
        -0.776550149474604,
        0.6285107746879214,
        0.6289087372919828,
        0.0010531512635264771,
        0.629158381730186,
        0.7772764125914731,
        0.7777685711314501,
        0,
        0,
        0,
        1
      ],
      "fov": 50,
      "aspect": 1
    },
    {
      "camera_to_world": [
        -0.9958804539590271,
        -0.06960706886189544,
