{
  "keyframes": [
    {
      "matrix": "[-0.5965497376231794,0.8025761088779776,-5.551115123125783e-17,0,-0.4409015821713692,-0.32771935303392397,0.8355871112492158,0,0.6706222523749854,0.4984692719770304,0.5493579702836672,0,0.6094255126137742,0.1374524526213613,0.5462683844987681,1]",
      "fov": 50,
      "aspect": 1,
      "properties": "[[\"FOV\",50],[\"NAME\",\"Camera 0\"],[\"TIME\",0]]"
    },
    {
      "matrix": "[0.018464028305440694,0.9998295252985561,1.1102230246251565e-16,0,-0.5560085752588226,0.01026790849028092,0.8311131296603906,0,0.8309714458977456,-0.015345696351072857,0.5561033768159573,0,0.7424961946266051,-0.2889526122355258,0.5518662663963045,1]",
      "fov": 50,
      "aspect": 1,
      "properties": "[[\"FOV\",50],[\"NAME\",\"Camera 1\"],[\"TIME\",1]]"
    }
  ],
  "camera_type": "perspective",
  "render_height": 1080,
  "render_width": 1920,
  "camera_path": [
    {
      "camera_to_world": [
        -0.5965497376231798,
        -0.44090158217136927,
        0.6706222523749855,
        0.6094255126137742,
        0.8025761088779777,
        -0.32771935303392413,
        0.4984692719770305,
        0.1374524526213613,
        -8.326672684688674e-17,
        0.835587111249216,
        0.5493579702836671,
        0.5462683844987681,
        0,
        0,
        0,
        1
      ],
      "fov": 50,
      "aspect": 1
    },
    {
      "camera_to_world": [
        -0.5989408368033251,
        -0.4395711491211023,
        0.6693631890608316,
        0.6087755278134288,
        0.8007932775821538,
        -0.32879570500906846,
        0.5006231226649659,
        0.13953523153821223,
        0.000024260347940896487,
        0.8358651740729143,
        0.5489347959307118,
        0.5462410416002986,
        0,
        0,
        0,
        1
      ],
      "fov": 50,
      "aspect": 1
    },
    {
      "camera_to_world": [
        -0.601009918139678,
        -0.43841291935753146,
        0.668267304630523,
        0.6082108239067071,
        0.7992415631262848,
        -0.32972327530573,
        0.5024892889337191,
        0.1413447406075902,
        0.00004548835518611294,
        0.8361080515472078,
        0.5485647856623147,
        0.5462172862115904,
        0,
        0,
        0,
        1
      ],
      "fov": 50,
      "aspect": 1
    },
    {
      "camera_to_world": [
        -0.6027654028234147,
        -0.4374251435765856,
        0.667332835192552,
        0.6077300472286316,
        0.7979184576791667,
        -0.33050744671362653,
        0.5040743621349326,
        0.14288531744612173,
        0.00006367123750700145,
        0.8363157725607253,
        0.5482480501671945,
        0.5461970613880436,
        0,
        0,
        0,
        1
      ],
      "fov": 50,
      "aspect": 1
    },
    {
      "camera_to_world": [
        -0.6042151397099992,
        -0.4366058707792088,
        0.6665578583636645,
        0.6073318441142233,
        0.7968212213129343,
        -0.3311530761852245,
        0.505384587614647,
        0.14416129967043342,
        0.0000788072986783739,
        0.8364884659899333,
        0.5479845253793376,
        0.5461803101850591,
        0,
        0,
        0,
        1
      ],
      "fov": 50,
      "aspect": 1
    },
    {
      "camera_to_world": [
        -0.6053664292804597,
        -0.4359529716024582,
        0.6659403072732665,
        0.6070148608985048,
        0.7959469065436905,
        -0.33166451841382494,
        0.5064258772899103,
        0.14517702489715176,
        0.00009090520322430073,
        0.8366263525471284,
        0.5477739843767063,
        0.5461669756580374,
        0,
        0,
        0,
        1
      ],
      "fov": 50,
      "aspect": 1
    },
    {
      "camera_to_world": [
        -0.6062260480841187,
        -0.4354641580731587,
        0.6654779828498812,
        0.6067777439164973,
        0.7952923793345754,
        -0.33204564949844656,
        0.5072038229563187,
        0.14593683074290337,
        0.00009998330714414141,
        0.8367297375394217,
        0.5476160482678978,
        0.5461570008623792,
        0,
        0,
        0,
        1
      ],
      "fov": 50,
      "aspect": 1
    },
    {
      "camera_to_world": [
        -0.6068002734681455,
        -0.43513700012084355,
        0.6651685645344472,
        0.6066191395032232,
        0.7948543368871697,
        -0.3322998905346685,
        0.5077237101833095,
        0.14644505482431475,
        0.00010606904250948235,
        0.836799004466712,
        0.547510196135997,
        0.546150328853485,
        0,
        0,
        0,
        1
      ],
      "fov": 50,
      "aspect": 1
    },
    {
      "camera_to_world": [
        -0.6070949084415568,
        -0.43496893916494284,
        0.6650096195590424,
        0.606537693993704,
        0.7946293225272134,
        -0.33243023101296587,
        0.5079905326761596,
        0.1467060347580125,
        0.0001091983518736184,
        0.8368346093884922,
        0.5474557741090413,
        0.5461469026867557,
        0,
        0,
        0,
        1
      ],
      "fov": 50,
      "aspect": 1
    },
    {
      "camera_to_world": [
        -0.6071153065573259,
        -0.43495729906979086,
        0.664998610923148,
        0.6065320537229617,
        0.7946137379709246,
        -0.33243925194188895,
        0.5080090070030178,
        0.14672410816062312,
        0.00010941516852752689,
        0.8368370759916351,
        0.5474520036259718,
        0.5461466654175916,
        0,
        0,
        0,
        1
      ],
      "fov": 50,
      "aspect": 1
    },
    {
      "camera_to_world": [
        -0.6068663967267637,
        -0.4350992947404393,
        0.6651329041930242,
        0.6066008650260182,
        0.7948038532391758,
        -0.33232914864344204,
        0.507783587602124,
        0.14650361264877323,
        0.00010677093875358093,
        0.8368069912938689,
        0.5474979889658677,
        0.5461495601013934,
        0,
        0,
        0,
        1
      ],
      "fov": 50,
      "aspect": 1
    },
    {
      "camera_to_world": [
        -0.6063527079059688,
        -0.4353920386128063,
        0.6654097732432876,
        0.606742774237895,
        0.7951958144686813,
        -0.3321017531929358,
        0.5073184819989012,
        0.14604888583908937,
        0.00010132418235384025,
        0.8367450019203956,
        0.5475927241067463,
        0.5461555297935619,
        0,
        0,
        0,
        1
      ],
      "fov": 50,
      "aspect": 1
    },
    {
      "camera_to_world": [
        -0.6055783936154572,
        -0.4358325452735937,
        0.6658264050534969,
        0.6069564276936142,
        0.7957856498524252,
        -0.33175855649603797,
        0.5066176661750147,
        0.14536426534819807,
        0.00009314008786992514,
        0.8366518108938782,
        0.547735098978437,
        0.5461645175494975,
        0,
        0,
        0,
        1
      ],
      "fov": 50,
      "aspect": 1
    },
    {
      "camera_to_world": [
        -0.6045472562715823,
        -0.43641773442877485,
        0.6663799036664875,
        0.6072404717281977,
        0.7965692739258996,
        -0.3313007300122886,
        0.5056849000420024,
        0.1444540887927259,
        0.00008229013905369786,
        0.8365281748807866,
        0.5479239051720166,
        0.5461764664246008,
        0,
        0,
        0,
        1
      ],
      "fov": 50,
      "aspect": 1
    },
    {
      "camera_to_world": [
        -0.6032627713225187,
        -0.43714443242438517,
        0.6670672934094706,
        0.6075935526766673,
        0.7975424904014259,
        -0.33072914714746104,
        0.5045237429808479,
        0.1433226937892994,
        0.00006885176929022352,
        0.8363749018397643,
        0.5481578411661724,
        0.5461913194742728,
        0,
        0,
        0,
        1
      ],
      "fov": 50,
      "aspect": 1
    },
    {
      "camera_to_world": [
        -0.6017281111927587,
        -0.43800937250984806,
        0.6678855214734963,
        0.6080143168740446,
        0.7987009937399192,
        -0.3300444043472672,
        0.5031375694160827,
        0.14197441795454513,
        0.00005290804081553581,
        0.8361928490202404,
        0.5484355171286343,
        0.5462090197539137,
        0,
        0,
        0,
        1
      ],
      "fov": 50,
      "aspect": 1
    },
    {
      "camera_to_world": [
        -0.5999461690486474,
        -0.4390091940220971,
        0.6688314599418305,
        0.6085014106553518,
        0.8000403696378907,
        -0.3292468419323656,
        0.501529584398798,
        0.14041359890508967,
        0.00003454734570751407,
        0.8359829212619312,
        0.5487554593485593,
        0.5462295103189241,
        0,
        0,
        0,
        1
      ],
      "fov": 50,
      "aspect": 1
    },
    {
      "camera_to_world": [
        -0.5979195824037101,
        -0.4401404406582843,
        0.6699019073530872,
        0.6090534803556105,
        0.8015560945972444,
        -0.32833656471976624,
        0.4997028391774816,
        0.13864457425755955,
        0.000013863125759239203,
        0.8357460695481338,
        0.549116114353476,
        0.546252734224705,
        0,
        0,
        0,
        1
      ],
      "fov": 50,
      "aspect": 1
    },
    {
      "camera_to_world": [
        -0.5956507565866903,
        -0.44139955799579134,
        0.6710935898805944,
        0.6096691723098426,
        0.803243534736425,
        -0.32731346247877385,
        0.49766024673896764,
        0.13667168162858134,
        -0.00000904639152918274,
        0.8354832897678303,
        0.549515852762126,
        0.5462786345266567,
        0,
        0,
        0,
        1
      ],
      "fov": 50,
      "aspect": 1
    },
    {
      "camera_to_world": [
        -0.5931418880975076,
        -0.4427828904104906,
        0.6724031622054253,
        0.61034713285307,
        0.8050979439936382,
        -0.32617723027079665,
        0.49540459730415126,
        0.1344992586347816,
        -0.0000340784434864072,
        0.8351956216435783,
        0.5499529729222823,
        0.54630715428018,
        0,
        0,
        0,
        1
      ],
      "fov": 50,
      "aspect": 1
    },
    {
      "camera_to_world": [
        -0.5903949878769676,
        -0.44428667753761286,
        0.6738272081567682,
        0.6110860083203145,
        0.8071144618660793,
        -0.32492738872185617,
        0.49293857376454625,
        0.13213164289278687,
        -0.00006112597186244682,
        0.8348841477839817,
        0.5504257043803736,
        0.5463382365406753,
        0,
        0,
        0,
        1
      ],
      "fov": 50,
      "aspect": 1
    },
    {
      "camera_to_world": [
        -0.5874119045151467,
        -0.4459070504140522,
        0.6753622411898136,
        0.611884445046598,
        0.8092881108232522,
        -0.32356330427460406,
        0.49026476704637006,
        0.1295731720192237,
        -0.00009007785390111046,
        0.8345499928212449,
        0.550932211227516,
        0.5463718243635435,
        0,
        0,
        0,
        1
      ],
      "fov": 50,
      "aspect": 1
    },
    {
      "camera_to_world": [
        -0.5841943474210772,
        -0.44764002743631126,
        0.6770047047680543,
        0.6127410893669422,
        0.8116137935274389,
        -0.32208420946322386,
        0.48738569138870913,
        0.12682818363071865,
        -0.0001208191272052683,
        0.8341943225959217,
        0.5514705953643131,
        0.546407860804185,
        0,
        0,
        0,
        1
      ],
      "fov": 50,
      "aspect": 1
    },
    {
      "camera_to_world": [
        -0.5807439099727955,
        -0.4494815102644302,
        0.6787509727137904,
        0.6136545876163692,
        0.8140862899900144,
        -0.3204892232498642,
        0.4843037995215328,
        0.12390101534389827,
        -0.00015323121060795142,
        0.8338183433524989,
        0.5520388997245487,
        0.5464462889180005,
        0,
        0,
        0,
        1
      ],
      "fov": 50,
      "aspect": 1
    },
    {
      "camera_to_world": [
        -0.5770620926620709,
        -0.45142727979898967,
        0.6805973495876665,
        0.6146235861299003,
        0.8167002547884876,
        -0.31877737145531976,
        0.48102149772796693,
        0.12079600477538914,
        -0.00018719212315831957,
        0.8334233009109606,
        0.5526351114956299,
        0.5464870517603906,
        0,
        0,
        0,
        1
      ],
      "fov": 50,
      "aspect": 1
    },
    {
      "camera_to_world": [
        -0.5731503262423249,
        -0.4534729923554524,
        0.6825400711551729,
        0.6156467312425581,
        0.8194502144657283,
        -0.31694760730961835,
        0.47754116077337255,
        0.11751748954181779,
        -0.0002225767032287274,
        0.8330104797809567,
        0.5532571653713231,
        0.546530092386756,
        0,
        0,
        0,
        1
      ],
      "fov": 50,
      "aspect": 1
    },
    {
      "camera_to_world": [
        -0.5690099948814497,
        -0.45561417615756167,
        0.6845753049952058,
        0.6167226692893638,
        0.822330565229646,
        -0.3149988321400755,
        0.4738651466815001,
        0.11406980725981081,
        -0.0002592568296479747,
        0.8325812021867026,
        0.5539029468699741,
        0.5465753538524972,
        0,
        0,
        0,
        1
      ],
      "fov": 50,
      "aspect": 1
    },
    {
      "camera_to_world": [
        -0.564642459313534,
        -0.45784622826905746,
        0.6866991513029286,
        0.6178500466053397,
        0.8253355710685053,
        -0.3129299162053152,
        0.46999581133533375,
        0.1104572955459947,
        -0.00029710164665158745,
        0.832136826972303,
        0.5545702957489511,
        0.546622779213015,
        0,
        0,
        0,
        1
      ],
      "fov": 50,
      "aspect": 1
    },
    {
      "camera_to_world": [
        -0.560049079975005,
        -0.46016441208044234,
        0.6889076439362619,
        0.6190275095255073,
        0.828459362393879,
        -0.31073971967381375,
        0.4659355228773261,
        0.10668429201699604,
        -0.00033597779433672264,
        0.8316787483588243,
        0.5552570095435276,
        0.5466723115237097,
        0,
        0,
        0,
        1
      ],
      "fov": 50,
      "aspect": 1
    },
    {
      "camera_to_world": [
        -0.5552312401014753,
        -0.462563855464724,
        0.6911967517523414,
        0.6202537043848887,
        0.8316959353198627,
        -0.3084271137347807,
        0.46168667588057094,
        0.10275513428944145,
        -0.0003757496461788967,
        0.8312083945262119,
        0.5559608472557764,
        0.5467238938399821,
        0,
        0,
        0,
        1
      ],
      "fov": 50,
      "aspect": 1
    },
    {
      "camera_to_world": [
        -0.5501903687517631,
        -0.46503954971285133,
        0.6935623802771221,
        0.6215272775185056,
        0.8350391516833994,
        -0.3059910018177679,
        0.45725170525917963,
        0.09867415997995736,
        -0.0004162795550499977,
        0.8307272259950478,
        0.5566795332162884,
        0.546777469217233,
        0,
        0,
        0,
        1
      ],
      "fov": 50,
      "aspect": 1
    },
    {
      "camera_to_world": [
        -0.5449279637152351,
        -0.46758634935571297,
        0.6960003737480064,
        0.6228468752613797,
        0.8384827399062504,
        -0.3034303408853855,
        0.4526330998827706,
        0.09444570670517044,
        -0.00045742810903121056,
        0.8302367337852354,
        0.5574107611386321,
        0.5468329807108628,
        0,
        0,
        0,
        1
      ],
      "fov": 50,
      "aspect": 1
    },
    {
      "camera_to_world": [
        -0.5394456142479558,
        -0.47019897297497293,
        0.6985065175658179,
        0.6242111439485333,
        0.8420202967941767,
        -0.30074416275105403,
        0.44783341585662645,
        0.09007411208170718,
        -0.0004990543981733542,
        0.829738437330975,
        0.5581521983834332,
        0.546890371376272,
        0,
        0,
        0,
        1
      ],
      "fov": 50,
      "aspect": 1
    },
    {
      "camera_to_world": [
        -0.5337450235722199,
        -0.47287200509947425,
        0.7010765411886873,
        0.6256187299149876,
        0.845645290363082,
        -0.2979315953609683,
        0.4428552894257979,
        0.08556371372619415,
        -0.0005410162931898111,
        0.8292338821339075,
        0.5589014904457666,
        0.5469495842688618,
        0,
        0,
        0,
        1
      ],
      "fov": 50,
      "aspect": 1
    },
    {
      "camera_to_world": [
        -0.5278280310631026,
        -0.475599899277333,
        0.7037061214963524,
        0.6270682794957652,
        0.8493510637751271,
        -0.29499188396657317,
        0.43770144945831724,
        0.08091884925525789,
        -0.000583170736899119,
        0.8287246371390454,
        0.5596562656762176,
        0.547010562444032,
        0,
        0,
        0,
        1
      ],
      "fov": 50,
      "aspect": 1
    },
    {
      "camera_to_world": [
        -0.5216966340348254,
        -0.4783769824060231,
        0.7063908866490571,
        0.6285584390258872,
        0.8531308404600271,
        -0.29192441210103465,
        0.4323747294597975,
        0.07614385628552503,
        -0.0006253740490439473,
        0.8282122918211084,
        0.5604141402424871,
        0.5470732489571838,
        0,
        0,
        0,
        1
      ],
      "fov": 50,
      "aspect": 1
    },
    {
      "camera_to_world": [
        -0.5153530090292093,
        -0.4811974603936256,
        0.7091264204606008,
        0.6300878548403759,
        0.8569777304877839,
        -0.2887287222606475,
        0.4268780790691194,
        0.07124307243362202,
        -0.0006674822449135865,
        0.8276984529721311,
        0.561172723334798,
        0.5471375868637177,
        0,
        0,
        0,
        1
      ],
      "fov": 50,
      "aspect": 1
    },
    {
      "camera_to_world": [
        -0.5087995324984943,
        -0.4840554252138825,
        0.7119082673001635,
        0.631655173274253,
        0.8608847382489426,
        -0.28540453618007966,
        0.42121457498273157,
        0.06622083531617545,
        -0.000709351367983585,
        0.8271847411847253,
        0.561929622614608,
        0.5472035192190341,
        0,
        0,
        0,
        1
      ],
      "fov": 50,
      "aspect": 1
    },
    {
      "camera_to_world": [
        -0.5020388007655313,
        -0.48694486340572507,
        0.714731937532308,
        0.6332590406625405,
        0.8648447714870287,
        -0.28195177457906484,
        0.4153874312533611,
        0.06108148254981192,
        -0.0007508378365553572,
        0.8266727870291218,
        0.5626824499022938,
        0.5472709890785338,
        0,
        0,
        0,
        1
      ],
      "fov": 50,
      "aspect": 1
    },
    {
      "camera_to_world": [
        -0.4950736491360715,
        -0.48985966605449016,
        0.7175929134990656,
        0.6348981033402599,
        0.8688506517150966,
        -0.2783705762478676,
        0.4094000089077702,
        0.05582935175115791,
        -0.0007917988041444837,
        0.8261642269261078,
        0.5634288270955261,
        0.5473399394976176,
        0,
        0,
        0,
        1
      ],
      "fov": 50,
      "aspect": 1
    },
    {
      "camera_to_world": [
        -0.4879071700308011,
        -0.4927936402771423,
        0.7204866560422458,
        0.6365710076424332,
        0.8728951260343658,
        -0.2746613163298472,
        0.40325582482762024,
        0.05046878053684004,
        -0.0008320925331115059,
        0.8256606987221555,
        0.5641663923060805,
        0.5474103135316858,
        0,
        0,
        0,
        1
      ],
      "fov": 50,
      "aspect": 1
    },
    {
      "camera_to_world": [
        -0.4805427299991397,
        -0.49574052221752407,
        0.7234086115581361,
        0.6382763999040826,
        0.8769708803577249,
        -0.2708246236519919,
        0.39695855983761585,
        0.04500410652348487,
        -0.0008715787807737632,
        0.8251638369773929,
        0.564892806198818,
        0.5474820542361389,
        0,
        0,
        0,
        1
      ],
      "fov": 50,
      "aspect": 1
    },
    {
      "camera_to_world": [
        -0.4729839854728911,
        -0.49869399154007127,
        0.7263542195705972,
        0.6400129264602293,
        0.8810705540246065,
        -0.2668613969486743,
        0.39051206594595117,
        0.0394396673277189,
        -0.0009101191969722586,
        0.8246752679815454,
        0.5656057585126002,
        0.5475551046663781,
        0,
        0,
        0,
        1
      ],
      "fov": 50,
      "aspect": 1
    },
    {
      "camera_to_world": [
        -0.4652348971158193,
        -0.5016476873917063,
        0.7293189208022688,
        0.6417792336458957,
        0.8851867557764719,
        -0.2627728198203402,
        0.3839203726837009,
        0.0337798005661687,
        -0.0009475777318010414,
        0.8241966045175265,
        0.5663029747389839,
        0.5476294078778036,
        0,
        0,
        0,
        1
      ],
      "fov": 50,
      "aspect": 1
    },
    {
      "camera_to_world": [
        -0.4572997426253287,
        -0.504595225781957,
        0.7322981657172604,
        0.6435739677961032,
        0.8893120810440764,
        -0.2585603742676454,
        0.3771876924922514,
        0.028028843855460922,
        -0.0009838210519379498,
        0.8237294403969249,
        0.5669822229307607,
        0.5477049069258161,
        0,
        0,
        0,
        1
      ],
      "fov": 50,
      "aspect": 1
    },
    {
      "camera_to_world": [
        -0.449183127844864,
        -0.5075302183109792,
        0.7352874235023432,
        0.6453957752458741,
        0.8934391304790592,
        -0.2542258526429024,
        0.37031842511116275,
        0.02219113481222193,
        -0.0010187189637603788,
        0.8232753447961376,
        0.5676413206087747,
        0.5477815448658162,
        0,
        0,
        0,
        1
      ],
      "fov": 50,
      "aspect": 1
    },
    {
      "camera_to_world": [
        -0.4408899960505397,
        -0.5104462921543913,
        0.7382821914474091,
        0.6472433023302299,
        0.8975605296434266,
        -0.2497713678648008,
        0.36331716092301225,
        0.016271011053078446,
        -0.0010521448411697778,
        0.8228358564262862,
        0.5682781417320687,
        0.5478592647532045,
        0,
        0,
        0,
        1
      ],
      "fov": 50,
      "aspect": 1
    },
    {
      "camera_to_world": [
        -0.4324256352829968,
        -0.5133371111929709,
        0.7412780046798584,
        0.6491151953841926,
        0.901668949751519,
        -0.24519936174933157,
        0.3561886832167936,
        0.01027281019465702,
        -0.0010839760558177538,
        0.8224124775742253,
        0.5688906236932848,
        0.5479380096433816,
        0,
        0,
        0,
        1
      ],
      "fov": 50,
      "aspect": 1
    },
    {
      "camera_to_world": [
        -0.4237956836056335,
        -0.516196398154701,
        0.7442704462017468,
        0.6510101007427838,
        0.9057571293403579,
        -0.24051261131979734,
        0.34893796933731136,
        0.0042008698535840605,
        -0.0011140944072027814,
        0.822006668055829,
        0.5694767742984838,
        0.5480177225917484,
        0,
        0,
        0,
        1
      ],
      "fov": 50,
      "aspect": 1
    },
    {
      "camera_to_world": [
        -0.4150061321831703,
        -0.5190179576167712,
        0.7472551571730239,
        0.6529266647410257,
        0.9098178967262273,
        -0.23571423297174174,
        0.3415701906946914,
        -0.0019404723535137308,
        -0.0011423865499121388,
        0.8216198391262587,
        0.570034678688158,
        0.548098346653705,
        0,
        0,
        0,
        1
      ],
      "fov": 50,
      "aspect": 1
    },
    {
      "camera_to_world": [
        -0.40606332608995604,
        -0.521795699696355,
        0.75022784737915,
        0.6548635337139399,
        0.9138441930883263,
        -0.23080768438453972,
        0.33409071161556186,
        -0.00814687881000993,
        -0.0011687444151157467,
        0.8212533473949669,
        0.5705625061542811,
        0.5481798248846524,
        0,
        0,
        0,
        1
      ],
      "fov": 50,
      "aspect": 1
    },
    {
      "camera_to_world": [
        -0.3969739627754019,
        -0.5245236642417325,
        0.7531843058168566,
        0.6568193539965483,
        0.9178290960047042,
        -0.22579676409017135,
        0.32650508702560077,
        -0.014414011899277782,
        -0.0011930656232856107,
        0.8209084887956964,
        0.5710585168068021,
        0.5482621003399912,
        0,
        0,
        0,
        1
      ],
      "fov": 50,
      "aspect": 1
    },
    {
      "camera_to_world": [
        -0.3877450881342419,
        -0.5271960453200222,
        0.7561204113279167,
        0.6587927719238729,
        0.9217658432518336,
        -0.22068560863114645,
        0.3188190589618766,
        -0.020737534004690916,
        -0.0012152538850182248,
        0.8205864926636495,
        0.5715210680420848,
        0.5483451160751219,
        0,
        0,
        0,
        1
      ],
      "fov": 50,
      "aspect": 1
    },
    {
      "camera_to_world": [
        -0.3783840901517693,
        -0.5298072157848414,
        0.7590321432076064,
        0.6607824338309352,
        0.9256478566674718,
        -0.21547868726342173,
        0.3110385519226647,
        -0.02711310750962273,
        -0.001235219386779285,
        0.8202885159732195,
        0.5719486207654666,
        0.5484288151454453,
        0,
        0,
        0,
        1
      ],
      "fov": 50,
      "aspect": 1
    },
    {
      "camera_to_world": [
        -0.36889869011843407,
        -0.532351751697024,
        0.7619155917121094,
        0.6627869860527573,
        0.929468765867212,
        -0.210180794186103,
        0.3031696670720555,
        -0.03353639479744659,
        -0.0012528791583865662,
        0.8200156377901637,
        0.572339745320387,
        0.5485131406063618,
        0,
        0,
        0,
        1
      ],
      "fov": 50,
      "aspect": 1
    },
    {
      "camera_to_world": [
        -0.3592969314338816,
        -0.5348244563644097,
        0.7647669683875672,
        0.664805074924361,
        0.9332224315986823,
        -0.204797038307367,
        0.2952186753265683,
        -0.04000305825153602,
        -0.0012681574190755165,
        0.8197688539918094,
        0.5726931270774217,
        0.548598035513272,
        0,
        0,
        0,
        1
      ],
      "fov": 50,
      "aspect": 1
    },
    {
      "camera_to_world": [
        -0.349587166047231,
        -0.5372203837629987,
        0.767582616142785,
        0.6668353467807681,
        0.9369029685139184,
        -0.1993328305849034,
        0.28719200936101635,
        -0.04650876025526457,
        -0.0012809858990852354,
        0.8195490723077822,
        0.5730075716380891,
        0.5486834429215768,
        0,
        0,
        0,
        1
      ],
      "fov": 50,
      "aspect": 1
    },
    {
      "camera_to_world": [
        -0.3397780386076534,
        -0.5395348611016387,
        0.7703590189878816,
        0.6688764479570005,
        0.9405047671402682,
        -0.1937938690087327,
        0.27909625458084564,
        -0.053049163192005394,
        -0.0012913041338308009,
        0.8193571077318249,
        0.5732820096104294,
        0.5487693058866766,
        0,
        0,
        0,
        1
      ],
      "fov": 50,
      "aspect": 1
    },
    {
      "camera_to_world": [
        -0.32987846842664287,
        -0.54176351029604,
        0.7730928113623906,
        0.6709270247880799,
        0.9440225148333677,
        -0.1881861213239632,
        0.270938139118004,
        -0.059619929445132114,
        -0.001299059727920049,
        0.8191936783525342,
        0.57351550091612,
        0.5488555674639721,
        0,
        0,
        0,
        1
      ],
      "fov": 50,
      "aspect": 1
    },
    {
      "camera_to_world": [
        -0.31989762938021804,
        -0.5439022681253735,
        0.7757807869785067,
        0.6729857236090284,
        0.9474512155023497,
        -0.18251580562031203,
        0.2627245229168546,
        -0.06621672139801829,
        -0.0013042085864920505,
        0.8190594016473061,
        0.5737072385922284,
        0.5489421707088638,
        0,
        0,
        0,
        1
      ],
      "fov": 50,
      "aspect": 1
    },
    {
      "camera_to_world": [
        -0.3098449279051325,
        -0.5459474048559458,
        0.7784199071083173,
        0.6750511907548675,
        0.9507862079074771,
        -0.1767893689434194,
        0.2544623859856448,
        -0.07283520143403718,
        -0.001306715111640211,
        0.8189547912794977,
        0.5738565520545805,
        0.5490290586767523,
        0,
        0,
        0,
        1
      ],
      "fov": 50,
      "aspect": 1
    },
    {
      "camera_to_world": [
        -0.2997299792674709,
        -0.547895541131378,
        0.7810073082479292,
        0.6771220725606194,
        0.9540231823437242,
        -0.17101346410956342,
        0.24615881589738,
        -0.07947103193656221,
        -0.0013065523619902875,
        0.8188802544338225,
        0.5739629097941117,
        0.5491161744230385,
        0,
        0,
        0,
        1
      ],
      "fov": 50,
      "aspect": 1
    },
    {
      "camera_to_world": [
        -0.28956258230425264,
        -0.5497436629471115,
        0.7835403090963384,
        0.6791970153613057,
        0.9571581955402853,
        -0.16519492492974241,
        0.2378209946315126,
        -0.08611987528896706,
        -0.0013037021738562806,
        0.818836089719395,
        0.5740259214823775,
        0.5492034610031229,
        0,
        0,
        0,
        1
      ],
      "fov": 50,
      "aspect": 1
    },
    {
      "camera_to_world": [
        -0.2793526928583831,
        -0.5514891345486373,
        0.786016416792655,
        0.6812746654919484,
        0.9601876836253086,
        -0.15934074007070542,
        0.22945618485450406,
        -0.09277739387462494,
        -0.0012981552427769052,
        0.8188224856637211,
        0.5740453394675814,
        0.5492908614724058,
        0,
        0,
        0,
        1
      ],
      "fov": 50,
      "aspect": 1
    },
    {
      "camera_to_world": [
        -0.269110396144064,
        -0.5531297091171993,
        0.7884333323617839,
        0.6833536692875691,
        0.9631084730269859,
        -0.15345802579891393,
        0.22107171574294066,
        -0.09943925007690932,
        -0.0012899111646346025,
        0.8188395198143665,
        0.5740210596479584,
        0.5493783188862884,
        0,
        0,
        0,
        1
      ],
      "fov": 50,
      "aspect": 1
    },
    {
      "camera_to_world": [
        -0.25884587829323114,
        -0.5546635371334317,
        0.7907889553257784,
        0.6854326730831899,
        0.9659177892060826,
        -0.14755399786819443,
        0.21267496845737818,
        -0.10610110627919372,
        -0.0012789784359787948,
        0.8188871584581988,
        0.5739531217150206,
        0.5494657763001708,
        0,
        0,
        0,
        1
      ],
      "fov": 50,
      "aspect": 1
    },
    {
      "camera_to_world": [
        -0.24856939734345412,
        -0.5560891723378967,
        0.7930813874457433,
        0.6875103232138325,
        0.9686132631406126,
        -0.14163594282267475,
        0.20427336137839064,
        -0.11275862486485169,
        -0.0012653744135964623,
        0.8189652569610539,
        0.5738417087649768,
        0.5495531767694539,
        0,
        0,
        0,
        1
      ],
      "fov": 50,
      "aspect": 1
    },
    {
      "camera_to_world": [
        -0.23829125393379966,
        -0.5574055752372732,
        0.7953089355672185,
        0.6895852660145189,
        0.9711929355101425,
        -0.13571118899326645,
        0.19587433521833897,
        -0.1194074682172564,
        -0.001249125233800344,
        0.8190735607236009,
        0.5736871462824593,
        0.5496404633495382,
        0,
        0,
        0,
        1
      ],
      "fov": 50,
      "aspect": 1
    },
    {
      "camera_to_world": [
        -0.22802176197732416,
        -0.558612114135382,
        0.7974701135503168,
        0.6916561478202709,
        0.9736552585546298,
        -0.1297870774683318,
        0.18748533812313534,
        -0.1260432987197816,
        -0.0012302656923172536,
        0.8192117067421755,
        0.5734899005064501,
        0.5497275790958244,
        0,
        0,
        0,
        1
      ],
      "fov": 50,
      "aspect": 1
    },
    {
      "camera_to_world": [
        -0.2177712195770955,
        -0.5597085636987399,
        0.7995636432743789,
        0.6937216149661098,
        0.9759990956102207,
        -0.12387093331723888,
        0.17911381087774245,
        -0.13266177875580046,
        -0.0012088390860598014,
        0.819379225756554,
        0.5732505761939138,
        0.5498144670637128,
        0,
        0,
        0,
        1
      ],
      "fov": 50,
      "aspect": 1
    },
    {
      "camera_to_world": [
        -0.2075498804470292,
        -0.5606951010962858,
        0.8015884547154167,
        0.6957803137870584,
        0.978223718351523,
        -0.11797003733934015,
        0.17076717232733904,
        -0.13925857070868647,
        -0.0011848970184425436,
        0.8195755449601827,
        0.5729699138020033,
        0.5499010703086048,
        0,
        0,
        0,
        1
      ],
      "fov": 50,
      "aspect": 1
    },
    {
      "camera_to_world": [
        -0.19736792608952325,
        -0.5615722997817657,
        0.8035436851030187,
        0.6978308906181379,
        0.9803288017960061,
        -0.11209159860070626,
        0.1624528051230422,
        -0.14582933696181333,
        -0.0011584991702459357,
        0.8197999912423499,
        0.5726487861147666,
        0.5499873318859002,
        0,
        0,
        0,
        1
      ],
      "fov": 50,
      "aspect": 1
    },
    {
      "camera_to_world": [
        -0.1872354389691333,
        -0.5623411210144265,
        0.8054286771715261,
        0.6998719917943702,
        0.9823144171508871,
        -0.10624272800696695,
        0.15417804189686252,
        -0.15236973989855412,
        -0.001129713038345234,
        0.8200517949263181,
        0.5722881943449255,
        0.5500731948509998,
        0,
        0,
        0,
        1
      ],
      "fov": 50,
      "aspect": 1
    },
    {
      "camera_to_world": [
        -0.17716237690565528,
        -0.5630029032386918,
        0.8072429765280975,
        0.7019022636507772,
        0.9841810226056982,
        -0.10043041314322343,
        0.145950151965264,
        -0.1588754419022826,
        -0.0010986136448896539,
        0.8203300939625985,
        0.5718892637455031,
        0.5501586022593047,
        0,
        0,
        0,
        1
      ],
      "fov": 50,
      "aspect": 1
    },
    {
      "camera_to_world": [
        -0.1671585488913989,
        -0.5635593494659297,
        0.8089863281675778,
        0.703920352522381,
        0.9859294521943158,
        -0.09466149459164559,
        0.13777632865442563,
        -0.165342105356372,
        -0.0010652832197418363,
        0.8206339385324092,
        0.5714532387697594,
        0.550243497166215,
        0,
        0,
        0,
        1
      ],
      "fov": 50,
      "aspect": 1
    },
    {
      "camera_to_world": [
        -0.15723359251651076,
        -0.5640125128209267,
        0.8106586721708317,
        0.7059249047442031,
        0.9875609028682466,
        -0.08894264391450424,
        0.1296636773331356,
        -0.171765392644196,
        -0.0010298108591685479,
        0.820962296012991,
        0.570981477821017,
        0.5503278226271314,
        0,
        0,
        0,
        1
      ],
      "fov": 50,
      "aspect": 1
    },
    {
      "camera_to_world": [
        -0.14739695316348364,
        -0.5643647804319964,
        0.8122601386292856,
        0.7079145666512654,
        0.9890769199381733,
        -0.08328034346558479,
        0.12161920423136696,
        -0.17814096614912772,
        -0.0009922921638991363,
        0.8213140562538782,
        0.5704754476364979,
        0.5504115216974548,
        0,
        0,
        0,
        1
      ],
      "fov": 50,
      "aspect": 1
    },
    {
      "camera_to_world": [
        -0.1376578651078998,
        -0.5646188558565752,
        0.813791041843757,
        0.7098879845785898,
        0.9904793810529826,
        -0.07768086816669563,
        0.11364980611408523,
        -0.18446448825454093,
        -0.0009528288597536461,
        0.8216880371114578,
        0.5699367173512193,
        0.5504945374325855,
        0,
        0,
        0,
        1
      ],
      "fov": 50,
      "aspect": 1
    },
    {
      "camera_to_world": [
        -0.12802533463754148,
        -0.5647777402435987,
        0.8152518738502105,
        0.7118438048611984,
        0.9917704788946453,
        -0.07215026935890734,
        0.10576226087089394,
        -0.19073162134380883,
        -0.0009115284040708274,
        0.8220829901881992,
        0.5693669522892926,
        0.5505768128879243,
        0,
        0,
        0,
        1
      ],
      "fov": 50,
      "aspect": 1
    },
    {
      "camera_to_world": [
        -0.1185081252767292,
        -0.5648447124399085,
        0.8166432973288106,
        0.7137806738341126,
        0.992952702773362,
        -0.06669436081077249,
        0.09796321907286384,
        -0.1969380278003049,
        -0.0008685035811528893,
        0.8224976067227914,
        0.568767907530664,
        0.5506582911188718,
        0,
        0,
        0,
        1
      ],
      "fov": 50,
      "aspect": 1
    },
    {
      "camera_to_world": [
        -0.109114745177607,
        -0.5648233082504474,
        0.8179661379555061,
        0.7156972378323545,
        0.9940288193103888,
        -0.06131870693861072,
        0.09025919653847678,
        -0.20307937000740278,
        -0.0008238720898888774,
        0.8229305235780218,
        0.5681414213014068,
        0.5507389151808285,
        0,
        0,
        0,
        1
      ],
      "fov": 50,
      "aspect": 1
    },
    {
      "camera_to_world": [
        -0.09985343671551493,
        -0.5647172990612448,
        0.819221376257403,
        0.7175921431909458,
        0.9950018523960185,
        -0.05602861326750003,
        0.08265656794116698,
        -0.20915131034847567,
        -0.0007777561266129327,
        0.8233803292745665,
        0.5674894082351793,
        0.5508186281291951,
        0,
        0,
        0,
        1
      ],
      "fov": 50,
      "aspect": 1
    },
    {
      "camera_to_world": [
        -0.09073216830197797,
        -0.5645306700303101,
        0.8204101390343435,
        0.7194640362449083,
        0.9958750626074897,
        -0.05082911913631505,
        0.07516156148161635,
        -0.21514951120689718,
        -0.0007302819661237844,
        0.8238455700208356,
        0.5668138525524006,
        0.5508973730193722,
        0,
        0,
