{
  "keyframes": [
    {
      "matrix": "[0.9985096900376259,-0.05457470935299846,6.938893903907228e-18,0,0.0055025922437430645,0.1006765173986488,0.9949039955307638,0,-0.05429659639022834,-0.9934212801946186,0.10082678055418282,0,-0.22020712674358195,-1.0451759807186953,0.03968776741138037,1]",
      "fov": 50,
      "aspect": 1,
      "properties": "[[\"FOV\",50],[\"NAME\",\"Camera 0\"],[\"TIME\",0]]"
    },
    {
      "matrix": "[0.9985096900376242,-0.0545747093530277,0,0,0.004899151517269794,0.08963584636452171,0.9959625562042614,0,-0.054354367031346086,-0.9944782632845971,0.08976963093983015,0,-0.18437941397887878,-0.3896650528263733,0.135281026934518,1]",
      "fov": 50,
      "aspect": 1,
      "properties": "[[\"FOV\",50],[\"NAME\",\"Camera 1\"],[\"TIME\",0.16927083333333331]]"
    },
    {
      "matrix": "[0.9475235142297116,0.3196860803691294,-2.7755575615628914e-17,0,-0.028698101451337638,0.08505883617921217,0.9959625562042614,0,0.31839536578735905,-0.9436979412958685,0.08976963093983015,0,0.16516601116703866,-0.3696641737767116,0.13528102693451857,1]",
      "fov": 50,
      "aspect": 1,
      "properties": "[[\"FOV\",50],[\"NAME\",\"Camera 2\"],[\"TIME\",0.5]]"
    },
    {
      "matrix": "[0.6483370240028774,0.7613534680469332,-1.1102230246251565e-16,0,-0.06834641984133272,0.05820097536936586,0.9959625562042616,0,0.758279546211003,-0.6457193997077695,0.08976963093982981,0,0.5582194157802705,-0.1427522710041786,0.13528102693451885,1]",
      "fov": 50,
      "aspect": 1,
      "properties": "[[\"FOV\",50],[\"NAME\",\"Camera 3\"],[\"TIME\",0.7942708333333333]]"
    },
    {
      "matrix": "[0.9921479476666514,0.12506978028625287,-2.7755575615628914e-17,0,-0.01122746801802254,0.08906475509974532,0.9959625562042614,0,0.12456481807780177,-0.9881422060908899,0.08976963093983026,0,0.14103240178796111,-0.7410947731161165,0.03641253530616776,1]",
      "fov": 50,
      "aspect": 1,
      "properties": "[[\"FOV\",50],[\"NAME\",\"Camera 4\"],[\"TIME\",1]]"
    }
  ],
  "camera_type": "perspective",
  "render_height": 1080,
  "render_width": 1920,
  "camera_path": [
    {
      "camera_to_world": [
        0.9985096900376259,
        0.005502592243743068,
        -0.05429659639022835,
        -0.22020712674358195,
        -0.05457470935299848,
        0.10067651739864868,
        -0.9934212801946188,
        -1.0451759807186953,
        1.1275702593849243e-17,
        0.9949039955307643,
        0.10082678055418268,
        0.03968776741138037,
        0,
        0,
        0,
        1
      ],
      "fov": 50,
      "aspect": 1
    },
    {
      "camera_to_world": [
        0.9982870791726945,
        0.005850331747020415,
        -0.058212379914417044,
        -0.22689845943677459,
        -0.0585056036806777,
        0.10056504362788934,
        -0.9932088231273823,
        -1.0350519801635014,
        0.00004352941641370956,
        0.9949132854769659,
        0.10073506086075189,
        0.04212344200344929,
        0,
        0,
        0,
        1
      ],
      "fov": 50,
      "aspect": 1
    },
    {
      "camera_to_world": [
        0.9980507191355784,
        0.006189376772824509,
        -0.06210035143313637,
        -0.23268279901601258,
        -0.062407969933982226,
        0.10034688170922637,
        -0.9929933275807818,
        -1.0203983794640834,
        0.00008556678206411185,
        0.994933261553959,
        0.1005375438924547,
        0.04505267979608458,
        0,
        0,
        0,
        1
      ],
      "fov": 50,
      "aspect": 1
    },
    {
      "camera_to_world": [
        0.9978042131721483,
        0.006515789315557905,
        -0.065911278742758,
        -0.23758138184728086,
        -0.066232444212257,
        0.10003242763564876,
        -0.9927773047138966,
        -1.0016215897209118,
        0.000124537466424832,
        0.9949628424775038,
        0.10024433440102987,
        0.04842760345975433,
        0,
        0,
        0,
        1
      ],
      "fov": 50,
      "aspect": 1
    },
    {
      "camera_to_world": [
        0.9975518836195807,
        0.006825709664991608,
        -0.06959633018051951,
        -0.24161544429656454,
        -0.06993006635175904,
        0.09963219797723866,
        -0.9925639581136638,
        -0.979128022034457,
        0.00015908194501602912,
        0.9950009220165545,
        0.0998656090911241,
        0.05220033566492666,
        0,
        0,
        0,
        1
      ],
      "fov": 50,
      "aspect": 1
    },
    {
      "camera_to_world": [
        0.9972987137570644,
        0.007115358223526713,
        -0.07310709415546512,
        -0.2448062227298485,
        -0.07345229854090685,
        0.09915680336261827,
        -0.9923571374187645,
        -0.9533240875051903,
        0.0001880892411778405,
        0.9950463808407415,
        0.09941159187026136,
        0.05632299908206966,
        0,
        0,
        0,
        1
      ],
      "fov": 50,
      "aspect": 1
    },
    {
      "camera_to_world": [
        0.9970502674670684,
        0.007381033330316715,
        -0.07639557900051783,
        -0.24717495351311783,
        -0.0767510243602686,
        0.09861692083801502,
        -0.9921612687381411,
        -0.924616197233582,
        0.00021072137306284942,
        0.9950980973107151,
        0.09889252916726066,
        0.06074771638165143,
        0,
        0,
        0,
        1
      ],
      "fov": 50,
      "aspect": 1
    },
    {
      "camera_to_world": [
        0.9968125878742048,
        0.007619105074198389,
        -0.07941419201502421,
        -0.24874287301235753,
        -0.079778527095103,
        0.09802326537250226,
        -0.9919812629582514,
        -0.893410762320103,
        0.00022642894411662942,
        0.9951549571215432,
        0.09831866580844627,
        0.06542661023414006,
        0,
        0,
        0,
        1
      ],
      "fov": 50,
      "aspect": 1
    },
    {
      "camera_to_world": [
        0.9965920760070658,
        0.00782600516443826,
        -0.08211569693482995,
        -0.24953121759355257,
        -0.0824874465275607,
        0.0973865607307883,
        -0.9918224029302783,
        -0.8601141938652239,
        0.00023495805895690046,
        0.9952158617265878,
        0.09770022191641052,
        0.07031180331000367,
        0,
        0,
        0,
        1
      ],
      "fov": 50,
      "aspect": 1
    },
    {
      "camera_to_world": [
        0.9963953503156897,
        0.007998213009230936,
        -0.08445314948498463,
        -0.24956122362268798,
        -0.08483071382777392,
        0.09671750986810841,
        -0.9916902103360619,
        -0.8251329029694154,
        0.00023634877726998188,
        0.9952797354882552,
        0.0970473712456147,
        0.07535541827971035,
        0,
        0,
        0,
        1
      ],
      "fov": 50,
      "aspect": 1
    },
    {
      "camera_to_world": [
        0.996229087574962,
        0.00813223822587214,
        -0.08637981113082192,
        -0.24885412746574875,
        -0.08676146462023876,
        0.09602676491727645,
        -0.9915902927502231,
        -0.7888733007331484,
        0.0002309253339510646,
        0.995345531522074,
        0.09637022129543103,
        0.08050957781372817,
        0,
        0,
        0,
        1
      ],
      "fov": 50,
      "aspect": 1
    },
    {
      "camera_to_world": [
        0.9960998453163866,
        0.008224599873892851,
        -0.08784904164295221,
        -0.24743116548871993,
        -0.08823293080066467,
        0.0953248967380678,
        -0.9915281710492152,
        -0.7517417982568932,
        0.0002192783525800518,
        0.9954122362211504,
        0.09567879544712618,
        0.0857264045825253,
        0,
        0,
        0,
        1
      ],
      "fov": 50,
      "aspect": 1
    },
    {
      "camera_to_world": [
        0.9960138654638561,
        0.008271802764746747,
        -0.08881417163250903,
        -0.24531357405758647,
        -0.08919831222074323,
        0.09462236388634462,
        -0.9915090868718909,
        -0.7141448066411212,
        0.00020223926041710623,
        0.9954788724687135,
        0.09498301725940397,
        0.09095802125656975,
        0,
        0,
        0,
        1
      ],
      "fov": 50,
      "aspect": 1
    },
    {
      "camera_to_world": [
        0.9959768583124207,
        0.008270311261772169,
        -0.0892283568029453,
        -0.24252258953833336,
        -0.08961062995234098,
        0.09392948073728329,
        -0.9915377893191812,
        -0.6764887369863024,
        0.00018084707606258466,
        0.9955445015668851,
        0.09429269692970578,
        0.0961565505063297,
        0,
        0,
        0,
        1
      ],
      "fov": 50,
      "aspect": 1
    },
    {
      "camera_to_world": [
        0.9959937653942952,
        0.00821652104634965,
        -0.08904441631898577,
        -0.23907944829694566,
        -0.08942256350385641,
        0.09325638436637347,
        -0.991618299504053,
        -0.6391800003929078,
        0.0001563076861022129,
        0.995608223929878,
        0.09361751978716994,
        0.10127411500227318,
        0,
        0,
        0,
        1
      ],
      "fov": 50,
      "aspect": 1
    },
    {
      "camera_to_world": [
        0.9960684991383402,
        0.008106729396084993,
        -0.08821465843494072,
        -0.23500538669940835,
        -0.0885862751131416,
        0.09261299965629184,
        -0.9917536509417259,
        -0.6026250079614079,
        0.0001299456555511631,
        0.9956691786096233,
        0.09296703652889161,
        0.10626283741486835,
        0,
        0,
        0,
        1
      ],
      "fov": 50,
      "aspect": 1
    },
    {
      "camera_to_world": [
        0.9962036565669946,
        0.007937104605517546,
        -0.08669069738461463,
        -0.2303216411117065,
        -0.0870532251150432,
        0.09200900196037273,
        -0.9919456031231377,
        -0.567230170792274,
        0.00010314853063555024,
        0.9957265417416256,
        0.09235065474398883,
        0.11107484041458326,
        0,
        0,
        0,
        1
      ],
      "fov": 50,
      "aspect": 1
    },
    {
      "camera_to_world": [
        0.9964002036128375,
        0.007703655287756676,
        -0.08442326655314614,
        -0.22504944789982498,
        -0.08477398341747262,
        0.09145377651792803,
        -0.9921943249667086,
        -0.5334018999859761,
        0.00007730349425294493,
        0.9957795240191558,
        0.09177763108924461,
        0.11566224667188603,
        0,
        0,
        0,
        1
      ],
      "fov": 50,
      "aspect": 1
    },
    {
      "camera_to_world": [
        0.9966571260085105,
        0.007402200436461632,
        -0.0813620341753729,
        -0.2192100434297489,
        -0.0816980433667737,
        0.09095637368799368,
        -0.9924980442275797,
        -0.5015466066429854,
        0.000053726128301823627,
        0.9958273673253958,
        0.09125706328429947,
        0.11997717885724478,
        0,
        0,
        0,
        1
      ],
      "fov": 50,
      "aspect": 1
    },
    {
      "camera_to_world": [
        0.9969710421529941,
        0.0070283413129067236,
        -0.07745542929170397,
        -0.21282466406746314,
        -0.07777364579788013,
        0.09052545895301771,
        -0.9928526584043836,
        -0.4720707018637724,
        0.00003358092834171693,
        0.9958693406766447,
        0.09079788088158477,
        0.12397175964112758,
        0,
        0,
        0,
        1
      ],
      "fov": 50,
      "aspect": 1
    },
    {
      "camera_to_world": [
        0.9973357729446282,
        0.006577436464851863,
        -0.072650487503471,
        -0.20591454617895294,
        -0.0729476229108689,
        0.09016925655229838,
        -0.9932513022817838,
        -0.4453805967488079,
        0.000017793111960219196,
        0.9959047356561553,
        0.0904088335343872,
        0.12759811169400256,
        0,
        0,
        0,
        1
      ],
      "fov": 50,
      "aspect": 1
    },
    {
      "camera_to_world": [
        0.9977418633789673,
        0.006044581495616849,
        -0.06689272827153228,
        -0.1985009261302031,
        -0.06716527386043632,
        0.08989548555058863,
        -0.9936838670648107,
        -0.4218827023985624,
        0.000006951172420033812,
        0.9959328615484916,
        0.09009847523412615,
        0.13080835768633775,
        0,
        0,
        0,
        1
      ],
      "fov": 50,
      "aspect": 1
    },
    {
      "camera_to_world": [
        0.9981760508486233,
        0.0054245955961021814,
        -0.0601260781596939,
        -0.1906050402871987,
        -0.06037028665500862,
        0.08971128714999607,
        -0.9941364662092842,
        -0.4019834299135068,
        0.0000011995664639394624,
        0.9959530404193311,
        0.0898751427150541,
        0.13355462028860135,
        0,
        0,
        0,
        1
      ],
      "fov": 50,
      "aspect": 1
    },
    {
      "camera_to_world": [
        0.9985666650212683,
        0.004803925821909144,
        -0.053306076623587585,
        -0.1832864759254482,
        -0.053522102988402244,
        0.08962787980588528,
        -0.9945361872014516,
        -0.38778871387392305,
        3.2558022099518635e-8,
        0.9959637370196764,
        0.08975652924327884,
        0.1355468340032446,
        0,
        0,
        0,
        1
      ],
      "fov": 50,
      "aspect": 1
    },
    {
      "camera_to_world": [
        0.9987942160980766,
        0.004403170742326298,
        -0.048895050633398794,
        -0.17873289600924366,
        -0.04909291077511092,
        0.08959884214444525,
        -0.9947672760992904,
        -0.38074187522478475,
        8.097578025334506e-7,
        0.9959682020896996,
        0.0897069697713371,
        0.13655060521900328,
        0,
        0,
        0,
        1
      ],
      "fov": 50,
      "aspect": 1
    },
    {
      "camera_to_world": [
        0.9990173077284269,
        0.003971381351117868,
        -0.04414348184284688,
        -0.17389531435268674,
        -0.044321764995091786,
        0.08957380891726924,
        -0.9949935245536891,
        -0.3744070817963655,
        0.0000026010796385514748,
        0.9959722691351484,
        0.08966180405846101,
        0.13746169417230997,
        0,
        0,
        0,
        1
      ],
      "fov": 50,
      "aspect": 1
    },
    {
      "camera_to_world": [
        0.9992306177470379,
        0.0035095501148931204,
        -0.03906220186912365,
        -0.16878296106726984,
        -0.039219542681123466,
        0.08955206085602667,
        -0.9952096542278526,
        -0.36875555727354337,
        0.000005362522616057276,
        0.995975959275338,
        0.08962080404021043,
        0.1382833662394109,
        0,
        0,
        0,
        1
      ],
      "fov": 50,
      "aspect": 1
    },
    {
      "camera_to_world": [
        0.9994287096103385,
        0.003018693000706079,
        -0.03366217312030364,
        -0.16340506626448545,
        -0.033797253217216085,
        0.08953285539858741,
        -0.9954102739469526,
        -0.3637585253411963,
        0.00000903245158777495,
        0.9959792946124649,
        0.08958372967046913,
        0.13901888679655208,
        0,
        0,
        0,
        1
      ],
      "fov": 50,
      "aspect": 1
    },
    {
      "camera_to_world": [
        0.9996060712866391,
        0.0024998481181992163,
        -0.027954480969548303,
        -0.15777086005582594,
        -0.028066030423341954,
        0.08951543419117303,
        -0.99558991807764,
        -0.35938720968420257,
        0.000013533918373499681,
        0.9959822979355364,
        0.08955033230469527,
        0.1396715212199797,
        0,
        0,
        0,
        1
      ],
      "fov": 50,
      "aspect": 1
    },
    {
      "camera_to_world": [
        0.9997571529199997,
        0.001954074235914269,
        -0.021950325263581618,
        -0.15188957255278374,
        -0.02203712396669987,
        0.08949903036674806,
        -0.9957430836971394,
        -0.3556128339874399,
        0.00001877692188288261,
        0.9959849924357759,
        0.0895203579647376,
        0.14024453488593977,
        0,
        0,
        0,
        1
      ],
      "fov": 50,
      "aspect": 1
    },
    {
      "camera_to_world": [
        0.9998764031465766,
        0.001382449134653682,
        -0.01566101098445015,
        -0.14577043386685132,
        -0.015721889915642856,
        0.08948287556720633,
        -0.9958642664327826,
        -0.35240662193578653,
        0.000024660603815679888,
        0.9959874014336797,
        0.08949355047845992,
        0.14074119317067843,
        0,
        0,
        0,
        1
      ],
      "fov": 50,
      "aspect": 1
    },
    {
      "camera_to_world": [
        0.9999583039422637,
        0.0007860677681237916,
        -0.009097937918863023,
        -0.13942267410952108,
        -0.00913178028823138,
        0.08946620667767306,
        -0.9959479948528815,
        -0.34973979721412046,
        0.00003107537670826786,
        0.9959895481179368,
        0.08946965448770414,
        0.14116476145044185,
        0,
        0,
        0,
        1
      ],
      "fov": 50,
      "aspect": 1
    },
    {
      "camera_to_world": [
        0.999997403881063,
        0.0001660402084617629,
        -0.00227258922452683,
        -0.13285552339228546,
        -0.00227833148305168,
        0.08944827224212176,
        -0.9959888632904248,
        -0.3475835835073197,
        0.00003790498116365185,
        0.9959914552964542,
        0.08944841831840268,
        0.14151850510147607,
        0,
        0,
        0,
        1
      ],
      "fov": 50,
      "aspect": 1
    },
    {
      "camera_to_world": [
        0.9999883496852054,
        -0.0004765106384493993,
        0.004803481182508076,
        -0.12607821182663687,
        0.004826848484905136,
        0.08942833853060024,
        -0.995981562982649,
        -0.3459092045002624,
        0.00004502846914599241,
        0.9959931451597787,
        0.08942959670695808,
        0.1418056895000272,
        0,
        0,
        0,
        1
      ],
      "fov": 50,
      "aspect": 1
    },
    {
      "camera_to_world": [
        0.9999259159509704,
        -0.0011404515558319929,
        0.01211866246174807,
        -0.11909996952406776,
        0.012172093986235874,
        0.08940569522975755,
        -0.9959209114123841,
        -0.3446878838778265,
        0.00005232211025851829,
        0.9959946390572253,
        0.08941295337737296,
        0.14202958002234134,
        0,
        0,
        0,
        1
      ],
      "fov": 50,
      "aspect": 1
    },
    {
      "camera_to_world": [
        0.999805032938653,
        -0.0018246417780965652,
        0.01966130191316841,
        -0.11193002659607053,
        0.019745697026901977,
        0.08937966073012621,
        -0.9958018797414921,
        -0.34389084532489,
        0.000059661217971844266,
        0.9959959572860472,
        0.08939826346406236,
        0.14219344204466455,
        0,
        0,
        0,
        1
      ],
      "fov": 50,
      "aspect": 1
    },
    {
      "camera_to_world": [
        0.9996208123214073,
        -0.002527935986677529,
        0.027419721251992244,
        -0.10457761315413763,
        0.027535923724290652,
        0.08934958698578886,
        -0.9956196182328465,
        -0.34348931252633114,
        0.00006692189284199105,
        0.9959971188939836,
        0.08938531577582556,
        0.14230054094324307,
        0,
        0,
        0,
        1
      ],
      "fov": 50,
      "aspect": 1
    },
    {
      "camera_to_world": [
        0.99936857079584,
        -0.0032491875280293223,
        0.03538223404320687,
        -0.09705195930976147,
        0.03553103195860836,
        0.0893148639246624,
        -0.9953694795652895,
        -0.3434545091670277,
        0.00007398267986499743,
        0.9959981414955184,
        0.08937391489711269,
        0.14235414209432287,
        0,
        0,
        0,
        1
      ],
      "fov": 50,
      "aspect": 1
    },
    {
      "camera_to_world": [
        0.9990438514672734,
        -0.0039872518365935,
        0.043537164218953206,
        -0.08936229517443442,
        0.043719290121493046,
        0.0892749233906737,
        -0.9950470399558314,
        -0.34375765893185783,
        0.00008072613726658757,
        0.9959990411021392,
        0.08936388312349591,
        0.1423575108741501,
        0,
        0,
        0,
        1
      ],
      "fov": 50,
      "aspect": 1
    },
    {
      "camera_to_world": [
        0.9986424429345017,
        -0.004740990040541861,
        0.0518728655777404,
        -0.08151785085964916,
        0.052088996859169234,
        0.0892292426025571,
        -0.994648118014999,
        -0.34436998550569964,
        0.0000870403142267844,
        0.995999831966858,
        0.08935506222914406,
        0.1423139126589709,
        0,
        0,
        0,
        1
      ],
      "fov": 50,
      "aspect": 1
    },
    {
      "camera_to_world": [
        0.9981603960124642,
        -0.005509272723756221,
        0.06037774214307721,
        -0.07352785647689791,
        0.06062850168578413,
        0.08917734711783744,
        -0.994168791274581,
        -0.34526271257343116,
        0.00009282013529426231,
        0.9960005264431742,
        0.0893473150651013,
        0.1422266128250313,
        0,
        0,
        0,
        1
      ],
      "fov": 50,
      "aspect": 1
    },
    {
      "camera_to_world": [
        0.997594038046445,
        -0.006290983813878382,
        0.06904026924079663,
        -0.06540154213767295,
        0.06932622632398246,
        0.08911881329472475,
        -0.9936054103418599,
        -0.3464070638199303,
        0.0000979686895545458,
        0.9960011348585871,
        0.0893405269882731,
        0.1420988767485775,
        0,
        0,
        0,
        1
      ],
      "fov": 50,
      "aspect": 1
    },
    {
      "camera_to_world": [
        0.996939984787841,
        -0.007085024563399665,
        0.07784901513927768,
        -0.05714813795346699,
        0.0781706866145004,
        0.08905327024906294,
        -0.9929546106505398,
        -0.3477742629300753,
        0.00010239842297853766,
        0.9960016654026657,
        0.08933460712220986,
        0.14193396980585551,
        0,
        0,
        0,
        1
      ],
      "fov": 50,
      "aspect": 1
    },
    {
      "camera_to_world": [
        0.9961951498190268,
        -0.007890317588688162,
        0.08679266308505977,
        -0.048776874035772334,
        0.08715051482471385,
        0.08898040130807422,
        -0.9922133217956921,
        -0.3493355335887441,
        0.0001060322327901585,
        0.9960021240295643,
        0.08932948945203878,
        0.1417351573731115,
        0,
        0,
        0,
        1
      ],
      "fov": 50,
      "aspect": 1
    },
    {
      "camera_to_world": [
        0.9953567515329795,
        -0.008705810930587844,
        0.09586003355807564,
        -0.04029698049608135,
        0.09625448217773203,
        0.0888999449673268,
        -0.9913787744578269,
        -0.3510620994808147,
        0.00010880446314870569,
        0.9960025143747617,
        0.08932513375719998,
        0.1415057048265915,
        0,
        0,
        0,
        1
      ],
      "fov": 50,
      "aspect": 1
    },
    {
      "camera_to_world": [
        0.9944223176918173,
        -0.009530482099767314,
        0.10504010656592352,
        -0.031717687445886725,
        0.10547152141881784,
        0.08881169536204249,
        -0.9904485049393127,
        -0.3529251842911651,
        0.0001106618019361388,
        0.9960028376856491,
        0.08932152638697918,
        0.14124887754254173,
        0,
        0,
        0,
        1
      ],
      "fov": 50,
      "aspect": 1
    },
    {
      "camera_to_world": [
        0.9933896876068431,
        -0.01036334207032892,
        0.11432204379520186,
        -0.023048224996680508,
        0.11479074923457458,
        0.08871550226845132,
        -0.9894203573544571,
        -0.3548960117046735,
        0.00011156407896409888,
        0.9960030927654743,
        0.0893186808851683,
        0.14096794089720815,
        0,
        0,
        0,
        1
      ],
      "fov": 50,
      "aspect": 1
    },
    {
      "camera_to_world": [
        0.9922570120007441,
        -0.011203439186277708,
        0.12369521043983395,
        -0.014297823259955503,
        0.1242014883423612,
        0.08861127065530175,
        -0.9882924835322766,
        -0.3569458054062179,
        0.00011148496646059061,
        0.9960032759299803,
        0.08931663847150774,
        0.14066616026683698,
        0,
        0,
        0,
        1
      ],
      "fov": 50,
      "aspect": 1
    },
    {
      "camera_to_world": [
        0.9910227506298754,
        -0.012049862947248921,
        0.1331491965313651,
        -0.00547571234720378,
        0.1336932890726271,
        0.08849895980976337,
        -0.987063340707947,
        -0.3590457890806762,
        0.00011041258325286514,
        0.9960033809759594,
        0.08931546838884659,
        0.14034680102767427,
        0,
        0,
        0,
        1
      ],
      "fov": 50,
      "aspect": 1
    },
    {
      "camera_to_world": [
        0.9896856677607648,
        -0.0129017476423378,
        0.14267383760417524,
        0.003408877630081863,
        0.14325595027504312,
        0.08837858206572641,
        -0.9857316870948434,
        -0.36116718641292656,
        0.00010835000462083332,
        0.9960033991607786,
        0.08931526812617988,
        0.14001312855596615,
        0,
        0,
        0,
        1
      ],
      "fov": 50,
      "aspect": 1
    },
    {
      "camera_to_world": [
        0.9882448256097499,
        -0.013758275803897732,
        0.1522592345391875,
        0.012346716560409365,
        0.15287953939021043,
        0.08825020116584223,
        -0.9842965754436138,
        -0.363281221087847,
        0.0001053156803448221,
        0.9960033191918047,
        0.08931616352886645,
        0.13966840822795867,
        0,
        0,
        0,
        1
      ],
      "fov": 50,
      "aspect": 1
    },
    {
      "camera_to_world": [
        0.9866995758677896,
        -0.014618681456687495,
        0.16189577244261857,
        0.021328574332285972,
        0.16255441154199948,
        0.0881139302915049,
        -0.9827573447076435,
        -0.3653591167903157,
        0.00010134376400283696,
        0.9960031272245342,
        0.08931830880838362,
        0.13931590541989802,
        0,
        0,
        0,
        1
      ],
      "fov": 50,
      "aspect": 1
    },
    {
      "camera_to_world": [
        0.9850495494436858,
        -0.01548225314167062,
        0.17157413843131816,
        0.030345220834219568,
        0.1722712275209089,
        0.0879699297972922,
        -0.9811136099453001,
        -0.3673720972052104,
        0.00009648435707747091,
        0.9960028068680914,
        0.08932188646492038,
        0.13895888550803026,
        0,
        0,
        0,
        1
      ],
      "fov": 50,
      "aspect": 1
    },
    {
      "camera_to_world": [
        0.9832946445680725,
        -0.01634833669800488,
        0.18128533821287612,
        0.039387425954717385,
        0.18202097054581756,
        0.08781840468814517,
        -0.9793652505983597,
        -0.36929138601740935,
        0.0000908036719022877,
        0.9960023391966696,
        0.0893271071369455,
        0.13860061386860148,
        0,
        0,
        0,
        1
      ],
      "fov": 50,
      "aspect": 1
    },
    {
      "camera_to_world": [
        0.9814350134074352,
        -0.017216337791218287,
        0.19102071136661186,
        0.048445959582287354,
        0.19179496170981247,
        0.08765960187873988,
        -0.9775123972928386,
        -0.37108820691179056,
        0.00008438411790620202,
        0.9960017027653716,
        0.0893342093926014,
        0.1382443558778578,
        0,
        0,
        0,
        1
      ],
      "fov": 50,
      "aspect": 1
    },
    {
      "camera_to_world": [
        0.9794710473420126,
        -0.018085724180154708,
        0.20077194525037687,
        0.057511591605436715,
        0.20158487403496106,
        0.08749380727510288,
        -0.9755554173130383,
        -0.37273378357323217,
        0.00007732431599535503,
        0.9960008736288269,
        0.08934345947837277,
        0.13789337691204534,
        0,
        0,
        0,
        1
      ],
      "fov": 50,
      "aspect": 1
    },
    {
      "camera_to_world": [
        0.9774033610637076,
        -0.018956027719905125,
        0.2105310874774786,
        0.06657509191267325,
        0.21138274508065455,
        0.08732134271854551,
        -0.973494898901888,
        -0.374199339686612,
        0.00006973904624143351,
        0.9959998253608846,
        0.08935515104096081,
        0.13755094234741017,
        0,
        0,
        0,
        1
      ],
      "fov": 50,
      "aspect": 1
    },
    {
      "camera_to_world": [
        0.9752327756500837,
        -0.019826846102534042,
        0.2202905569275726,
        0.07562723039250446,
        0.22118098807004868,
        0.08714256283147255,
        -0.971331634540706,
        -0.37545609893680826,
        0.00006175913432034456,
        0.9959985290736072,
        0.08936960483867006,
        0.1372203175601984,
        0,
        0,
        0,
        1
      ],
      "fov": 50,
      "aspect": 1
    },
    {
      "camera_to_world": [
        0.9729603007682261,
        -0.020697844341898045,
        0.23004315327477504,
        0.08465877693343803,
        0.2309724015188934,
        0.0869578518035902,
        -0.969066603359284,
        -0.3764752850086988,
        0.00005353128236383968,
        0.9959969534337458,
        0.08938716845889237,
        0.13690476792665612,
        0,
        0,
        0,
        1
      ],
      "fov": 50,
      "aspect": 1
    },
    {
      "camera_to_world": [
        0.9705871161577926,
        -0.021568756013168836,
        0.23978206503519833,
        0.09366050142398129,
        0.24075017737033072,
        0.0867676201555433,
        -0.9667009528228975,
        -0.37722812158716207,
        0.00004521785004904174,
        0.9959950646748145,
        0.08940821605847131,
        0.1366075588230295,
        0,
        0,
        0,
        1
      ],
      "fov": 50,
      "aspect": 1
    },
    {
      "camera_to_world": [
        0.9681145525360949,
        -0.02243938426176981,
        0.24950087615435257,
        0.10262317375264206,
        0.2505079076578006,
        0.08657230151510537,
        -0.9642359798365172,
        -0.3776858323570756,
        0.000036996591858164125,
        0.9959928266028477,
        0.08943314814386143,
        0.1363319556255646,
        0,
        0,
        0,
        1
      ],
      "fov": 50,
      "aspect": 1
    },
    {
      "camera_to_world": [
        0.965544072059709,
        -0.023309602600272334,
        0.25919357117215075,
        0.11153756380792772,
        0.26023958973578765,
        0.08637234943878556,
        -0.9616731113983448,
        -0.3778196410033178,
        0.00002906035649510169,
        0.9959902005938822,
        0.08946239140808826,
        0.1360812237105075,
        0,
        0,
        0,
        1
      ],
      "fov": 50,
      "aspect": 1
    },
    {
      "camera_to_world": [
        0.9628772484670645,
        -0.024179355515353555,
        0.2688545390194432,
        0.12039444147834602,
        0.2699396301346119,
        0.08616823430916469,
        -0.9590138849249419,
        -0.37760077121076663,
        0.00002161675445069497,
        0.9959871455811582,
        0.08949639864158161,
        0.13585862845410435,
        0,
        0,
        0,
        1
      ],
      "fov": 50,
      "aspect": 1
    },
    {
      "camera_to_world": [
        0.960115747014902,
        -0.025048658910176234,
        0.27847857551491906,
        0.12918457665240432,
        0.2796028471106298,
        0.0859604403354925,
        -0.9562599283588946,
        -0.37700044666429994,
        0.000014887799668371338,
        0.9959836180300005,
        0.08953564873402961,
        0.13566743523260122,
        0,
        0,
        0,
        1
      ],
      "fov": 50,
      "aspect": 1
    },
    {
      "camera_to_world": [
        0.9572613043086108,
        -0.025917600410518476,
        0.28806088464478846,
        0.13789873921861034,
        0.2892244719770336,
        0.08574946268213367,
        -0.9534129401572706,
        -0.3759898910487958,
        0.000009109531183004034,
        0.9959795718982825,
        0.08958064678450577,
        0.13551090942224422,
        0,
        0,
        0,
        1
      ],
      "fov": 50,
      "aspect": 1
    },
    {
      "camera_to_world": [
        0.9543157081124164,
        -0.0267863395656648,
        0.29759707871981955,
        0.1465276990654717,
        0.29880014931281745,
        0.08553580474639678,
        -0.9504746692453325,
        -0.3745403280491327,
        0.000004531620491854405,
        0.9959749585803145,
        0.08963192433728749,
        0.13539231639927948,
        0,
        0,
        0,
        1
      ],
      "fov": 50,
      "aspect": 1
    },
    {
      "camera_to_world": [
        0.9512807772103892,
        -0.027655107977502227,
        0.30708317751506775,
        0.15506222608149584,
        0.3083259361584589,
        0.08531997560418068,
        -0.9474468950051566,
        -0.372622981350188,
        0.0000014169702769531443,
        0.9959697268319228,
        0.08969003976104309,
        0.1353149215399531,
        0,
        0,
        0,
        1
      ],
      "fov": 50,
      "aspect": 1
    },
    {
      "camera_to_world": [
        0.9481583413734077,
        -0.02852420939347652,
        0.3165156065070184,
        0.16349309015519056,
        0.3177983003164537,
        0.08510248763877286,
        -0.944331407353195,
        -0.3702090746368404,
        4.130993667972315e-8,
        0.9959638226743831,
        0.08975557878944725,
        0.13528199022051113,
        0,
        0,
        0,
        1
      ],
      "fov": 50,
      "aspect": 1
    },
    {
      "camera_to_world": [
        0.94452169606679,
        -0.029508584431236436,
        0.3271207867194918,
        0.17285651758712542,
        0.32844903053459396,
        0.08485790982593855,
        -0.9407020620158426,
        -0.36691773675659933,
        -6.93889390390723e-18,
        0.9959560123744609,
        0.08984220286236602,
        0.13530084403585207,
        0,
        0,
        0,
        1
      ],
      "fov": 50,
      "aspect": 1
    },
    {
      "camera_to_world": [
        0.9403672579814122,
        -0.0305990662421368,
        0.33878181365242965,
        0.18295361492781329,
        0.3401608738766413,
        0.08459044595865176,
        -0.9365548763078414,
        -0.3628108006835309,
        -3.469446951953614e-18,
        0.9959458587682494,
        0.08995469083029668,
        0.13537876200161936,
        0,
        0,
        0,
        1
      ],
      "fov": 50,
      "aspect": 1
    },
    {
      "camera_to_world": [
        0.9357528284348807,
        -0.03176972661591095,
        0.3512226196401237,
        0.1935498093869095,
        0.3526565525778881,
        0.08429904767720348,
        -0.9319479741297771,
        -0.35800181440784945,
        -1.734723475976807e-17,
        0.9959339109757569,
        0.09008687456301914,
        0.13551125690372032,
        0,
        0,
        0,
        1
      ],
      "fov": 50,
      "aspect": 1
    },
    {
      "camera_to_world": [
        0.9306653199439826,
        -0.0330140534878816,
        0.36437910824560704,
        0.20460369988225666,
        0.3658716472392532,
        0.08397763227565755,
        -0.9268687582521109,
        -0.3525408310433369,
        -1.7347234759768068e-17,
        0.9959205939981731,
        0.090233976141619,
        0.13569353428215503,
        0,
        0,
        0,
        1
      ],
      "fov": 50,
      "aspect": 1
    },
    {
      "camera_to_world": [
        0.9250933833382528,
        -0.03432516014320903,
        0.378185160318233,
        0.2160738853316981,
        0.37973968992427504,
        0.08362038357602483,
        -0.9213063547739232,
        -0.3464779037037741,
        -2.7755575615628914e-17,
        0.9959063283420492,
        0.09039128922777055,
        0.13592079967692342,
        0,
        0,
        0,
        1
      ],
      "fov": 50,
      "aspect": 1
    },
    {
      "camera_to_world": [
        0.9190281186599605,
        -0.03569574532049882,
        0.3925724530304537,
        0.22791896465307646,
        0.39419198002031147,
        0.08322186987257524,
        -0.9152523167206836,
        -0.3398630855029431,
        -2.0816681711721685e-17,
        0.9958915272964852,
        0.09055421502654508,
        0.13618825862802542,
        0,
        0,
        0,
        1
      ],
      "fov": 50,
      "aspect": 1
    },
    {
      "camera_to_world": [
        0.9124637649370267,
        -0.03711807611108865,
        0.4074703990509715,
        0.24009753676423465,
        0.4091575218384071,
        0.08277716446068245,
        -0.9087013059124008,
        -0.33274642955462497,
        -2.7755575615628914e-17,
        0.9958765934942244,
        0.09071830317162816,
        0.13649111667546104,
        0,
        0,
        0,
        1
      ],
      "fov": 50,
      "aspect": 1
    },
    {
      "camera_to_world": [
        0.9053983565046548,
        -0.038583994959469195,
        0.42280621018575126,
        0.2525682005830156,
        0.42456308840815415,
        0.08228196604341544,
        -0.9016517409872616,
        -0.3251779889726014,
        -2.775557561562892e-17,
        0.9958619148240372,
        0.09087929688879705,
        0.13682457935923023,
        0,
        0,
        0,
        1
      ],
      "fov": 50,
      "aspect": 1
    },
    {
      "camera_to_world": [
        0.8978343308957246,
        -0.040084951444963796,
        0.4385050865528032,
        0.2652895550272619,
        0.440333412614835,
        0.08173271554810972,
        -0.894106396881325,
        -0.317207816870654,
        -5.551115123125783e-17,
        0.9958478598042909,
        0.09103318144068855,
        0.1371838522193329,
        0,
        0,
        0,
        1
      ],
      "fov": 50,
      "aspect": 1
    },
    {
      "camera_to_world": [
        0.8897790715645274,
        -0.04161205869499837,
        0.4544905283687788,
        0.2782201990148169,
        0.456391502775597,
        0.08112670530969417,
        -0.8860729393677624,
        -0.30888596636256405,
        -4.85722573273506e-17,
        0.9958347725686014,
        0.09117623453094535,
        0.1375641407957691,
        0,
        0,
        0,
        1
      ],
      "fov": 50,
      "aspect": 1
    },
    {
      "camera_to_world": [
        0.8812453680462732,
        -0.043156173281832015,
        0.47068476287708433,
        0.29131873146352333,
        0.4726590751239086,
        0.08046217624668879,
        -0.8775643776365687,
        -0.30026249056211296,
        -4.857225732735061e-17,
        0.9958229676510354,
        0.0913050770695952,
        0.13796065062853874,
        0,
        0,
        0,
        1
      ],
      "fov": 50,
      "aspect": 1
    },
    {
      "camera_to_world": [
        0.872251776734651,
        -0.04470799634714327,
        0.4870092740860981,
        0.3045437512912241,
