{
  "keyframes": [
    {
      "matrix": "[0.9569178284415862,-0.2903588634959141,0,0,-0.01445895895847843,-0.047651500772139865,0.9987593669047615,0,-0.2899986346803652,-0.9557306445141979,-0.049796857531376526,0,-0.34506938513662866,-0.9779837211829165,0.05029282766001182,1]",
      "fov": 50,
      "aspect": 1,
      "properties": "[[\"FOV\",50],[\"NAME\",\"Camera 0\"],[\"TIME\",0]]"
    },
    {
      "matrix": "[0.9945465123244615,-0.10429398267996967,1.3877787807814457e-17,0,-0.007109528636530825,-0.06779640328272363,0.9976738456552287,0,-0.10405137877902514,-0.9922330436337407,-0.06816815748945637,0,-0.29596238518100687,-0.5070410844197301,0.13861925521692078,1]",
      "fov": 50,
      "aspect": 1,
      "properties": "[[\"FOV\",50],[\"NAME\",\"Camera 1\"],[\"TIME\",0.15625]]"
    },
    {
      "matrix": "[0.9723940615905596,0.23334478563579447,1.3877787807814457e-17,0,0.015906684096564247,-0.06628631153231712,0.9976738456552284,0,0.232801989648858,-0.9701321229193608,-0.06816815748945615,0,0.0707399155732806,-0.45273132310998526,0.11141576614684195,1]",
      "fov": 50,
      "aspect": 1,
      "properties": "[[\"FOV\",50],[\"NAME\",\"Camera 2\"],[\"TIME\",0.5295138888888888]]"
    },
    {
      "matrix": "[0.6707950738421347,0.7416427501898237,-5.551115123125783e-17,0,0.05055641979585351,-0.04572686423682226,0.9976738456552285,0,0.7399175746842013,-0.6692347009666655,-0.0681681574894566,0,0.2978104486713331,-0.2966679126562296,0.11550585559620878,1]",
      "fov": 50,
      "aspect": 1,
      "properties": "[[\"FOV\",50],[\"NAME\",\"Camera 3\"],[\"TIME\",0.78125]]"
    },
    {
      "matrix": "[0.9964333502499614,-0.08438352036765079,0,0,-0.014713126383855753,-0.17373830519799904,0.9846819411459417,0,-0.08309092863634648,-0.981169925546686,-0.17436018691507638,0,-0.053444218688490246,-0.7344733959916572,0.024254082598349172,1]",
      "fov": 50,
      "aspect": 1,
      "properties": "[[\"FOV\",50],[\"NAME\",\"Camera 4\"],[\"TIME\",0.954861111111111]]"
    }
  ],
  "camera_type": "perspective",
  "render_height": 1080,
  "render_width": 1920,
  "camera_path": [
    {
      "camera_to_world": [
        0.9569178284415862,
        -0.014458958958478435,
        -0.2899986346803652,
        -0.34506938513662866,
        -0.29035886349591405,
        -0.04765150077213988,
        -0.9557306445141979,
        -0.9779837211829165,
        -1.7347234759768067e-18,
        0.9987593669047615,
        -0.049796857531376526,
        0.05029282766001182,
        0,
        0,
        0,
        1
      ],
      "fov": 50,
      "aspect": 1
    },
    {
      "camera_to_world": [
        0.9570636783807044,
        -0.014225346021180188,
        -0.28952850473653485,
        -0.35124645820187395,
        -0.2898772536512669,
        -0.045100328087640584,
        -0.9560005953042007,
        -0.9689150756496159,
        0.0005416087103147783,
        0.9988811740827659,
        -0.04728749013259257,
        0.05382492585946395,
        0,
        0,
        0,
        1
      ],
      "fov": 50,
      "aspect": 1
    },
    {
      "camera_to_world": [
        0.9577605243469072,
        -0.013996213330321111,
        -0.2872261896400636,
        -0.3563123803790287,
        -0.2875655497021409,
        -0.04344570330553522,
        -0.9567750652524307,
        -0.954732156989378,
        0.0009124841057233258,
        0.9989577452909105,
        -0.04563540835861179,
        0.05800661978452444,
        0,
        0,
        0,
        1
      ],
      "fov": 50,
      "aspect": 1
    },
    {
      "camera_to_world": [
        0.9589552739282539,
        -0.013767866877158584,
        -0.2832229306515287,
        -0.3602790533479309,
        -0.2835551440578071,
        -0.04260234657506654,
        -0.9580091441863455,
        -0.9360167994807047,
        0.0011237809146357662,
        0.9989972401903574,
        -0.044757694405600755,
        0.06274643947679708,
        0,
        0,
        0,
        1
      ],
      "fov": 50,
      "aspect": 1
    },
    {
      "camera_to_world": [
        0.9605879038937594,
        -0.013535724620878292,
        -0.277646651433043,
        -0.36315837878841856,
        -0.27797383420684735,
        -0.04248286783703629,
        -0.9596487656620443,
        -0.9133508374020982,
        0.0011943154265415482,
        0.9990055005350715,
        -0.04457110623860785,
        0.06795291497788564,
        0,
        0,
        0,
        1
      ],
      "fov": 50,
      "aspect": 1
    },
    {
      "camera_to_world": [
        0.9625936491461505,
        -0.013294639743586776,
        -0.27062283565432166,
        -0.3649622583803297,
        -0.27094676288873243,
        -0.04299857691653809,
        -0.961633492586063,
        -0.8873161050320604,
        0.0011481740350448352,
        0.9989866740538839,
        -0.04499229666447856,
        0.07353457632939392,
        0,
        0,
        0,
        1
      ],
      "fov": 50,
      "aspect": 1
    },
    {
      "camera_to_world": [
        0.964904959506049,
        -0.013039199717481478,
        -0.2622754246805399,
        -0.36570259380350234,
        -0.26259739872033455,
        -0.044060162475491556,
        -0.9638990135216173,
        -0.8584944366490933,
        0.001012573920038614,
        0.9989437828793775,
        -0.04593792921644969,
        0.07939995357292573,
        0,
        0,
        0,
        1
      ],
      "fov": 50,
      "aspect": 1
    },
    {
      "camera_to_world": [
        0.9674532660553488,
        -0.01276397727423531,
        -0.2527276377505661,
        -0.3653912867377745,
        -0.2530484384694918,
        -0.04557826305636459,
        -0.9663793818811102,
        -0.8274676665316988,
        0.000815957713611138,
        0.9988792233402934,
        -0.04732474397291508,
        0.08545757675008486,
        0,
        0,
        0,
        1
      ],
      "fov": 50,
      "aspect": 1
    },
    {
      "camera_to_world": [
        0.9701705852119367,
        -0.012463718561218006,
        -0.24210264622501607,
        -0.3640402388629842,
        -0.2424225481083503,
        -0.04746394534320004,
        -0.9690090206293811,
        -0.7948176289583792,
        0.0005863089485378428,
        0.9987951890212949,
        -0.04906961004259557,
        0.09161597590247504,
        0,
        0,
        0,
        1
      ],
      "fov": 50,
      "aspect": 1
    },
    {
      "camera_to_world": [
        0.9729909750129787,
        -0.012133461502298585,
        -0.23052405873414875,
        -0.36166135185896936,
        -0.23084289087282264,
        -0.04962909716052897,
        -0.9717245043984992,
        -0.7611261582076361,
        0.0003496809562028077,
        0.9986940131126265,
        -0.05108958696472165,
        0.09778368107170014,
        0,
        0,
        0,
        1
      ],
      "fov": 50,
      "aspect": 1
    },
    {
      "camera_to_world": [
        0.9758518460165619,
        -0.011768584026553213,
        -0.21811619622595224,
        -0.35826652740556814,
        -0.21843341777589653,
        -0.05198673640827252,
        -0.9744661211331863,
        -0.7269750885579718,
        0.00012893722801166072,
        0.9985784294023313,
        -0.053302004723691995,
        0.1038692222993639,
        0,
        0,
        0,
        1
      ],
      "fov": 50,
      "aspect": 1
    },
    {
      "camera_to_world": [
        0.9786951199592848,
        -0.01136478756494298,
        -0.20500415549809,
        -0.35386766718261836,
        -0.20531891993964835,
        -0.054451232534745646,
        -0.9771792079195419,
        -0.6929462542878881,
        -0.000057294830730811666,
        0.9984517539065425,
        -0.05562456146570143,
        0.10978112962707012,
        0,
        0,
        0,
        1
      ],
      "fov": 50,
      "aspect": 1
    },
    {
      "camera_to_world": [
        0.9814682234931191,
        -0.010918026050644082,
        -0.19131367692984882,
        -0.34847667286995826,
        -0.1916248628739463,
        -0.056938434442824974,
        -0.9798152512651256,
        -0.6596214896758872,
        -0.00019545281375497542,
        0.9983179911182395,
        -0.0579754293458877,
        0.1154279330964226,
        0,
        0,
        0,
        1
      ],
      "fov": 50,
      "aspect": 1
    },
    {
      "camera_to_world": [
        0.9841249021800816,
        -0.010424394485820283,
        -0.17717084666685204,
        -0.34210544614742566,
        -0.17747704026499517,
        -0.059365697829257935,
        -0.9823327410302594,
        -0.627582629000471,
        -0.0002776469385415686,
        0.9981818701623714,
        -0.06027335224896886,
        0.12071816274902511,
        0,
        0,
        0,
        1
      ],
      "fov": 50,
      "aspect": 1
    },
    {
      "camera_to_world": [
        0.9866258412515156,
        -0.009879993803664038,
        -0.162701675151729,
        -0.3347658886948587,
        -0.16300109859767045,
        -0.06165180559717378,
        -0.9846977692279804,
        -0.5974115065401415,
        -0.0003020441883346686,
        0.99804881673646,
        -0.062437714406121884,
        0.12556034862648144,
        0,
        0,
        0,
        1
      ],
      "fov": 50,
      "aspect": 1
    },
    {
      "camera_to_world": [
        0.9889390838910669,
        -0.009280790130404545,
        -0.14803160232616838,
        -0.32646990219209526,
        -0.14832199367391394,
        -0.06371677672848884,
        -0.9868843693948788,
        -0.5696899565734006,
        -0.0002730298388464152,
        0.9979248665595457,
        -0.0643885561013742,
        0.12986302077039538,
        0,
        0,
        0,
        1
      ],
      "fov": 50,
      "aspect": 1
    },
    {
      "camera_to_world": [
        0.9910402441551167,
        -0.008622486586182195,
        -0.1332849848634033,
        -0.3172293883189735,
        -0.13356344561017025,
        -0.06548156133529534,
        -0.9888745982791909,
        -0.5449998133787505,
        -0.00020115095232822386,
        0.9978165251438578,
        -0.06604651155156732,
        0.13353470922237073,
        0,
        0,
        0,
        1
      ],
      "fov": 50,
      "aspect": 1
    },
    {
      "camera_to_world": [
        0.9929125191121294,
        -0.007900424512059516,
        -0.11858462245558904,
        -0.3070562487553314,
        -0.11884746026849709,
        -0.06686762198222601,
        -0.9906583681159566,
        -0.523922911234693,
        -0.00010285005272513484,
        0.9977305770712709,
        -0.0673326443777109,
        0.13648394402401126,
        0,
        0,
        0,
        1
      ],
      "fov": 50,
      "aspect": 1
    },
    {
      "camera_to_world": [
        0.9945465123244616,
        -0.007109528636530829,
        -0.10405137877902514,
        -0.29596238518100687,
        -0.10429398267996967,
        -0.0677964032827235,
        -0.9922330436337407,
        -0.5070410844197301,
        1.6479873021779667e-17,
        0.9976738456552285,
        -0.06816815748945643,
        0.13861925521692078,
        0,
        0,
        0,
        1
      ],
      "fov": 50,
      "aspect": 1
    },
    {
      "camera_to_world": [
        0.9951659024801908,
        -0.006756853832597559,
        -0.09797536153070593,
        -0.2909207439932997,
        -0.0982080697113477,
        -0.06806446534987597,
        -0.9928355370353171,
        -0.5011830830087897,
        0.000039804003507833835,
        0.9976580443633584,
        -0.0683990126589621,
        0.13925996572071944,
        0,
        0,
        0,
        1
      ],
      "fov": 50,
      "aspect": 1
    },
    {
      "camera_to_world": [
        0.9957557831010985,
        -0.006391619481616314,
        -0.09181267679966981,
        -0.2854773057226622,
        -0.09203485373066791,
        -0.06830509227764016,
        -0.9934102878809526,
        -0.4958112108019246,
        0.00007822718819937035,
        0.9976440054294644,
        -0.06860344241480698,
        0.13976432689400858,
        0,
        0,
        0,
        1
      ],
      "fov": 50,
      "aspect": 1
    },
    {
      "camera_to_world": [
        0.9963144293231516,
        -0.0060143061001803125,
        -0.08556509828555159,
        -0.27964932270166093,
        -0.08577613114186786,
        -0.06851916697584864,
        -0.9939555216825694,
        -0.49090590776575627,
        0.00011510350063077219,
        0.9976316714494728,
        -0.06878251865201677,
        0.14013787875823844,
        0,
        0,
        0,
        1
      ],
      "fov": 50,
      "aspect": 1
    },
    {
      "camera_to_world": [
        0.9968401493118677,
        -0.005625382728662524,
        -0.0792342841770491,
        -0.27345404726286243,
        -0.07943358318447888,
        -0.0687075961751813,
        -0.9944694927901522,
        -0.4864476138669069,
        0.00015027430845725599,
        0.997620980782273,
        -0.06893733473704898,
        0.14038616133485918,
        0,
        0,
        0,
        1
      ],
      "fov": 50,
      "aspect": 1
    },
    {
      "camera_to_world": [
        0.99733128199543,
        -0.0052253051597273125,
        -0.07282176968009035,
        -0.266908731738833,
        -0.07300876829730797,
        -0.06887130767171998,
        -0.9949504825524219,
        -0.48241676907199826,
        0.00018358938531771752,
        0.9976118679955521,
        -0.06906900266662742,
        0.14051471464532092,
        0,
        0,
        0,
        1
      ],
      "fov": 50,
      "aspect": 1
    },
    {
      "camera_to_world": [
        0.9977861942923153,
        -0.004814514308107778,
        -0.06632895997703403,
        -0.2600306284621394,
        -0.0665031149216223,
        -0.06901124762652655,
        -0.995396796964282,
        -0.4787938133476523,
        0.00021490783944412383,
        0.9976042643017358,
        -0.06917865033096039,
        0.14052907871107392,
        0,
        0,
        0,
        1
      ],
      "fov": 50,
      "aspect": 1
    },
    {
      "camera_to_world": [
        0.9982032778491223,
        -0.0043934347211049265,
        -0.059757123614004294,
        -0.2528369897653479,
        -0.059917914741359914,
        -0.06912837793215136,
        -0.9958067638139022,
        -0.475559186660491,
        0.00024409898632395555,
        0.9975980979812568,
        -0.06926741889130732,
        0.1404347935535683,
        0,
        0,
        0,
        1
      ],
      "fov": 50,
      "aspect": 1
    },
    {
      "camera_to_world": [
        0.998580945304498,
        -0.003962473227629831,
        -0.053107386310149,
        -0.24534506798102526,
        -0.053254316354424396,
        -0.06922367365691931,
        -0.9961787293428139,
        -0.4726933289771361,
        0.0002710431662495045,
        0.997593294790698,
        -0.0693364602805867,
        0.14023739919425426,
        0,
        0,
        0,
        1
      ],
      "fov": 50,
      "aspect": 1
    },
    {
      "camera_to_world": [
        0.9989176260948563,
        -0.003522017722107589,
        -0.046380725179561655,
        -0.23757211544173773,
        -0.046513319365930485,
        -0.06929812057672093,
        -0.9965110544324619,
        -0.47017668026420956,
        0.0002956325080582315,
        0.9975897783536574,
        -0.06938693483445404,
        0.13994243565458203,
        0,
        0,
        0,
        1
      ],
      "fov": 50,
      "aspect": 1
    },
    {
      "camera_to_world": [
        0.9992117618169367,
        -0.0030724360781995766,
        -0.0395779633538534,
        -0.22953538448005192,
        -0.039695768891380434,
        -0.06935271280286717,
        -0.996802110330333,
        -0.46798968048833345,
        0.00031777164080219316,
        0.9975874705324983,
        -0.06942000905903069,
        0.1395554429560017,
        0,
        0,
        0,
        1
      ],
      "fov": 50,
      "aspect": 1
    },
    {
      "camera_to_world": [
        0.9994618011612353,
        -0.0026140751860819003,
        -0.032699764990915786,
        -0.22125212742853428,
        -0.03280235045518635,
        -0.0693884505133677,
        -0.9970502739280348,
        -0.4661127696161294,
        0.00033737835548052365,
        0.9975862917794508,
        -0.06943685354024778,
        0.13908196111996346,
        0,
        0,
        0,
        1
      ],
      "fov": 50,
      "aspect": 1
    },
    {
      "camera_to_world": [
        0.9996661944289404,
        -0.0021472601059445,
        -0.025746630653301874,
        -0.21273959661975136,
        -0.025833585267732714,
        -0.06940633779377528,
        -0.9972539226025995,
        -0.46452638761421944,
        0.00035438421932658696,
        0.9975861614658122,
        -0.06943864099859182,
        0.13852753016791755,
        0,
        0,
        0,
        1
      ],
      "fov": 50,
      "aspect": 1
    },
    {
      "camera_to_world": [
        0.9998233876432661,
        -0.0016722933294451513,
        -0.01871889303787837,
        -0.20401504438626966,
        -0.018789825862304845,
        -0.06940738059251673,
        -0.9974114286308081,
        -0.46321097444922554,
        0.00036873514546102324,
        0.9975869981882812,
        -0.06942654449190652,
        0.1378976901213141,
        0,
        0,
        0,
        1
      ],
      "fov": 50,
      "aspect": 1
    },
    {
      "camera_to_world": [
        0.9999318162640217,
        -0.0011894541400620795,
        -0.011616713036979856,
        -0.1950957230606557,
        -0.011671252071705229,
        -0.06939258479441378,
        -0.9975211531845471,
        -0.4621469700877695,
        0.0003803919210038628,
        0.997588720051705,
        -0.06940173576782968,
        0.13719798100160327,
        0,
        0,
        0,
        1
      ],
      "fov": 50,
      "aspect": 1
    },
    {
      "camera_to_world": [
        0.999989898511902,
        -0.0006989980626323186,
        -0.004440076110232604,
        -0.185998884975476,
        -0.004477867323247489,
        -0.06936295441490055,
        -0.9975814399130889,
        -0.4613148144964733,
        0.000389330696984455,
        0.9975912449277734,
        -0.06936538376642574,
        0.13643394283023533,
        0,
        0,
        0,
        1
      ],
      "fov": 50,
      "aspect": 1
    },
    {
      "camera_to_world": [
        0.9999960283063695,
        -0.00020115639183271888,
        0.0028112110544817994,
        -0.17674178246329686,
        0.002790504769937174,
        -0.06931948991626814,
        -0.9975906081158128,
        -0.46069494764195873,
        0.0003955434435984375,
        0.9975944906894055,
        -0.06931865327262066,
        0.13561111562866032,
        0,
        0,
        0,
        1
      ],
      "fov": 50,
      "aspect": 1
    },
    {
      "camera_to_world": [
        0.9999485678181361,
        0.00030386421105191525,
        0.010137523612783502,
        -0.167341667856685,
        0.01013422354372288,
        -0.06926318664612625,
        -0.9975469455062203,
        -0.46026780949084783,
        0.00039903837453824037,
        0.9975983754207728,
        -0.06926270371715594,
        0.13473503941832854,
        0,
        0,
        0,
        1
      ],
      "fov": 50,
      "aspect": 1
    },
    {
      "camera_to_world": [
        0.9998458396341701,
        0.0008158820640335865,
        0.017539421390090754,
        -0.1578157934882067,
        0.01755383416637742,
        -0.06919503339716743,
        -0.9974487005652092,
        -0.46001384000976253,
        0.00039984034426956093,
        0.9976028176030892,
        -0.06919868812395667,
        0.13381125422069007,
        0,
        0,
        0,
        1
      ],
      "fov": 50,
      "aspect": 1
    },
    {
      "camera_to_world": [
        0.9996861185298739,
        0.0013347407641652765,
        0.025017651483852245,
        -0.1481814116904289,
        0.025050070292556792,
        -0.06911601108625523,
        -0.9972940744784673,
        -0.4599134791653245,
        0.00039799122224310987,
        0.997607736276447,
        -0.0691277522010509,
        0.13284530005719522,
        0,
        0,
        0,
        1
      ],
      "fov": 50,
      "aspect": 1
    },
    {
      "camera_to_world": [
        0.9994676228396151,
        0.0018603094524112182,
        0.032573150662318986,
        -0.13845577479591764,
        0.03262385650917234,
        -0.06902709154983556,
        -0.9970812126495211,
        -0.4599471669241559,
        0.0003935502481209358,
        0.9976130511781168,
        -0.06905103357148475,
        0.13184271694929403,
        0,
        0,
        0,
        1
      ],
      "fov": 50,
      "aspect": 1
    },
    {
      "camera_to_world": [
        0.9991885054131628,
        0.0023924830549731453,
        0.04020704757926714,
        -0.12865613513723959,
        0.04027631059321593,
        -0.06892923645169079,
        -0.9968081957764923,
        -0.4600953432528784,
        0.000386594372162075,
        0.9976186828578436,
        -0.06896966114004653,
        0.13080904491843676,
        0,
        0,
        0,
        1
      ],
      "fov": 50,
      "aspect": 1
    },
    {
      "camera_to_world": [
        0.9988468441418072,
        0.0029311825123811406,
        0.04792066482251274,
        -0.11879974504696122,
        0.04800874560006399,
        -0.0688233962981154,
        -0.9964730304769422,
        -0.4603384481181141,
        0.00037721858495549975,
        0.9976245527707664,
        -0.06888475459103777,
        0.12974982398607354,
        0,
        0,
        0,
        1
      ],
      "fov": 50,
      "aspect": 1
    },
    {
      "camera_to_world": [
        0.9984406320340242,
        0.0034763550075801878,
        0.055715520812068174,
        -0.10890385685764908,
        0.055822671798790295,
        -0.06871050955468816,
        -0.9960736394413717,
        -0.46065692148648474,
        0.0003655362407114019,
        0.9976305833486643,
        -0.06879742401180693,
        0.1286705941736546,
        0,
        0,
        0,
        1
      ],
      "fov": 50,
      "aspect": 1
    },
    {
      "camera_to_world": [
        0.9979677668165111,
        0.004027974204121023,
        0.06359333156138812,
        -0.09898572290186963,
        0.06371979846861228,
        -0.06859150185794137,
        -0.9956078510919808,
        -0.4610312033246124,
        0.00035167937832677153,
        0.9976366980502885,
        -0.06870876963628371,
        0.12757689550263002,
        0,
        0,
        0,
        1
      ],
      "fov": 50,
      "aspect": 1
    },
    {
      "camera_to_world": [
        0.9974260400322642,
        0.0045860405054039665,
        0.07155601231230696,
        -0.0890625955121894,
        0.07170203556774377,
        -0.0684672853143797,
        -0.9950733887192045,
        -0.46144173359911894,
        0.00033579904443013005,
        0.9976428213915852,
        -0.06861988170231452,
        0.1264742679944501,
        0,
        0,
        0,
        1
      ],
      "fov": 50,
      "aspect": 1
    },
    {
      "camera_to_world": [
        0.9968131256031078,
        0.005150581345735299,
        0.07960567905095574,
        -0.07915172702117486,
        0.07977149528260417,
        -0.06833875787846469,
        -0.9944678590643371,
        -0.46186895227662617,
        0.00031806562258393766,
        0.9976488789566346,
        -0.0685318404161904,
        0.12536825167056498,
        0,
        0,
        0,
        1
      ],
      "fov": 50,
      "aspect": 1
    },
    {
      "camera_to_world": [
        0.9961265678197424,
        0.0057216515237434925,
        0.08774464990813567,
        -0.06927036976139253,
        0.08793049346151584,
        -0.06820680280035495,
        -0.9937887403122294,
        -0.46229329932375596,
        0.00029866917278379915,
        0.9976547973901565,
        -0.06844571601737315,
        0.12426438655242476,
        0,
        0,
        0,
        1
      ],
      "fov": 50,
      "aspect": 1
    },
    {
      "camera_to_world": [
        0.9953637687179272,
        0.006299333588472224,
        0.09597544644327503,
        -0.05943577606540908,
        0.09618155093265901,
        -0.068072288133356,
        -0.9930333694536543,
        -0.4626952147071303,
        0.00027781978534094365,
        0.9976605043724195,
        -0.06836256893605132,
        0.12316821266147975,
        0,
        0,
        0,
        1
      ],
      "fov": 50,
      "aspect": 1
    },
    {
      "camera_to_world": [
        0.994521974794918,
        0.0068837382882221,
        0.10430079480615691,
        -0.04966519826579066,
        0.10452739470110808,
        -0.06793606629018353,
        -0.9921989289724186,
        -0.46305513839337115,
        0.0002557479531695084,
        0.9976659285773946,
        -0.0682834500357839,
        0.12208527001918,
        0,
        0,
        0,
        1
      ],
      "fov": 50,
      "aspect": 1
    },
    {
      "camera_to_world": [
        0.9935982630157,
        0.00747500509195399,
        0.1127236267650197,
        -0.03997588869510396,
        0.1129709590141768,
        -0.06779897363625874,
        -0.9912824328077678,
        -0.4633535103491004,
        0.0002327049664224363,
        0.997670999614976,
        -0.06820940093310777,
        0.1210210986469758,
        0,
        0,
        0,
        1
      ],
      "fov": 50,
      "aspect": 1
    },
    {
      "camera_to_world": [
        0.9925895260539646,
        0.008073302792794534,
        0.12124708058333686,
        -0.030385099685915434,
        0.12151538627800043,
        -0.0676618301073243,
        -0.9902807115380143,
        -0.46357077054093976,
        0.00020896333332838703,
        0.9976756479580643,
        -0.06814145438557857,
        0.11998123856631725,
        0,
        0,
        0,
        1
      ],
      "fov": 50,
      "aspect": 1
    },
    {
      "camera_to_world": [
        0.9914924567081516,
        0.008678830202894349,
        0.12987450172048337,
        -0.020910083570791646,
        0.13016402780117728,
        -0.06752543883767728,
        -0.9891903967267138,
        -0.4636873589355113,
        0.00018481723097546482,
        0.9976798048552894,
        -0.0680806347392759,
        0.11897122979865452,
        0,
        0,
        0,
        1
      ],
      "fov": 50,
      "aspect": 1
    },
    {
      "camera_to_world": [
        0.9903035314282885,
        0.0092918169485766,
        0.13860944332351555,
        -0.011568092682299053,
        0.13892044433330955,
        -0.06739058578423876,
        -0.9880079043681245,
        -0.463683715499437,
        0.00016058298966356577,
        0.997683402230112,
        -0.0680279584263127,
        0.11799661236543785,
        0,
        0,
        0,
        1
      ],
      "fov": 50,
      "aspect": 1
    },
    {
      "camera_to_world": [
        0.9890189928848254,
        0.009912524374370056,
        0.14745566646830874,
        -0.0023763793530041516,
        0.14778840635730178,
        -0.06725803933051029,
        -0.9867294173641449,
        -0.4635402801993386,
        0.00013659961430206695,
        0.9976863725670221,
        -0.06798443450233534,
        0.11706292628811739,
        0,
        0,
        0,
        1
      ],
      "fov": 50,
      "aspect": 1
    },
    {
      "camera_to_world": [
        0.9876348315062482,
        0.010541246564133138,
        0.156417140098197,
        0.006647804084526546,
        0.15677189408417566,
        -0.06712854985317333,
        -0.9853508669605311,
        -0.46323749300183814,
        0.0001132293461593072,
        0.9976886487855239,
        -0.06795106521336508,
        0.11617571158814331,
        0,
        0,
        0,
        1
      ],
      "fov": 50,
      "aspect": 1
    },
    {
      "camera_to_world": [
        0.9861467659080401,
        0.011178311487029155,
        0.16549804059689815,
        0.015487205297726514,
        0.16587509708780504,
        -0.06700284923266031,
        -0.9838679130659849,
        -0.46275579387355736,
        0.00009085826806976183,
        0.9976901641025656,
        -0.06792884658060064,
        0.11534050828696579,
        0,
        0,
        0,
        1
      ],
      "fov": 50,
      "aspect": 1
    },
    {
      "camera_to_world": [
        0.9845502221316187,
        0.011824082275587301,
        0.17470275091972867,
        0.024124571954029284,
        0.17510241350420094,
        -0.06688165028743386,
        -0.9822759233737908,
        -0.4620756227811182,
        0.00006989695596576648,
        0.9976908518840741,
        -0.06791876899094981,
        0.11456285640603503,
        0,
        0,
        0,
        1
      ],
      "fov": 50,
      "aspect": 1
    },
    {
      "camera_to_world": [
        0.9828403116083461,
        0.01247895864245343,
        0.18403585919273874,
        0.03254265172086829,
        0.1844584487056135,
        -0.06676564610993868,
        -0.9805699512021776,
        -0.4611774196911427,
        0.00005078117931634625,
        0.997690645486226,
        -0.06792181778007315,
        0.11384829596680116,
        0,
        0,
        0,
        1
      ],
      "fov": 50,
      "aspect": 1
    },
    {
      "camera_to_world": [
        0.9810118077607142,
        0.013143378441668836,
        0.19350215667323928,
        0.04072419226567714,
        0.19394801334356235,
        -0.06665550928021444,
        -0.97874471196665,
        -0.46004162457025255,
        0.000033972652714766086,
        0.9976894780871123,
        -0.0679389737935785,
        0.11320236699071443,
        0,
        0,
        0,
        1
      ],
      "fov": 50,
      "aspect": 1
    },
    {
      "camera_to_world": [
        0.9790591211505555,
        0.013817819379375722,
        0.2031066349470173,
        0.04865194125588945,
        0.20357612063674554,
        -0.06655189093095183,
        -0.9767945581953289,
        -0.45864867738507,
        0.000019959840446382576,
        0.9976872825094614,
        -0.06797121391067786,
        0.11263060949922493,
        0,
        0,
        0,
        1
      ],
      "fov": 50,
      "aspect": 1
    },
    {
      "camera_to_world": [
        0.9769762730828115,
        0.01450280087768951,
        0.2128544822171288,
        0.056308646358938313,
        0.21334798275937433,
        -0.06645541963532309,
        -0.9747134529971352,
        -0.4569790181022165,
        0.000009258815376085932,
        0.997683991035135,
        -0.06801951151308816,
        0.1121385635137829,
        0,
        0,
        0,
        1
      ],
      "fov": 50,
      "aspect": 1
    },
    {
      "camera_to_world": [
        0.9747568675733188,
        0.015198886094046436,
        0.22275107851624787,
        0.06367705524225759,
        0.2232690061625733,
        -0.06636670008619433,
        -0.9724949418926795,
        -0.4550130866883143,
        0.0000024141729010034724,
        0.9976795352121689,
        -0.0680848368801926,
        0.11173176905583851,
        0,
        0,
        0,
        1
      ],
      "fov": 50,
      "aspect": 1
    },
    {
      "camera_to_world": [
        0.9723940615905597,
        0.015906684096564244,
        0.23280198964885807,
        0.0707399155732806,
        0.23334478563579453,
        -0.06628631153231732,
        -0.9701321229193609,
        -0.45273132310998526,
        1.040834085586084e-17,
        0.9976738456552287,
        -0.06816815748945627,
        0.11141576614684195,
        0,
        0,
        0,
        1
      ],
      "fov": 50,
      "aspect": 1
    },
    {
      "camera_to_world": [
        0.968381175568422,
        0.01705006050756059,
        0.2488919328572333,
        0.081146185779649,
        0.24947524605548496,
        -0.0661017470603291,
        -0.9661224873902519,
        -0.44864439612486057,
        -0.000020255276633483754,
        0.9976672062728437,
        -0.06826525556579253,
        0.11110855668854337,
        0,
        0,
        0,
        1
      ],
      "fov": 50,
      "aspect": 1
    },
    {
      "camera_to_world": [
        0.9635224898659057,
        0.018353355036987914,
        0.26699731437130947,
        0.09185409639730152,
        0.26762736173267804,
        -0.06576963694076983,
        -0.9612751687777468,
        -0.4436949064294387,
        -0.00008230803045685547,
        0.9976660309019073,
        -0.06828238433023943,
        0.1109735574578965,
        0,
        0,
        0,
        1
      ],
      "fov": 50,
      "aspect": 1
    },
    {
      "camera_to_world": [
        0.9577481364701887,
        0.019800602426911056,
        0.2869258497093149,
        0.10280968538193942,
        0.28760819118491715,
        -0.06528375879887013,
        -0.9555205697421856,
        -0.4379684199603632,
        -0.00018828494661677844,
        0.9976702696686026,
        -0.06822021377976271,
        0.1109951915012378,
        0,
        0,
        0,
        1
      ],
      "fov": 50,
      "aspect": 1
    },
    {
      "camera_to_world": [
        0.9509925339342692,
        0.02137390103195705,
        0.3084742400200607,
        0.11395899068926403,
        0.3092136553577227,
        -0.0646381591866845,
        -0.948793351429737,
        -0.43155050265427747,
        -0.0003402081618298358,
        0.9976798407964516,
        -0.0680795088611374,
        0.11115788186490372,
        0,
        0,
        0,
        1
      ],
      "fov": 50,
      "aspect": 1
    },
    {
      "camera_to_world": [
        0.9431994720564469,
        0.023053152062452727,
        0.33142617291400683,
        0.12524805027497618,
        0.33222652630373034,
        -0.06382812944212991,
        -0.9410374621193758,
        -0.42452672044782513,
        -0.0005395670454376097,
        0.9976946036096939,
        -0.06786152662222783,
        0.11144605159523072,
        0,
        0,
        0,
        1
      ],
      "fov": 50,
      "aspect": 1
    },
    {
      "camera_to_world": [
        0.9343271625825776,
        0.02481602176395224,
        0.35555156914883773,
        0.13662290209477712,
        0.35641567586432843,
        -0.06285119747271686,
        -0.9322111311148454,
        -0.4169826392776499,
        -0.000786929834036592,
        0.9977143338852342,
        -0.06756840016886373,
        0.11184412373855528,
        0,
        0,
        0,
        1
      ],
      "fov": 50,
      "aspect": 1
    },
    {
      "camera_to_world": [
        0.9243530571012365,
        0.02663815457168925,
        0.3806071919297022,
        0.148029584104368,
        0.3815367032952815,
        -0.061708091831024485,
        -0.9222916325334098,
        -0.4090038250803951,
        -0.0010816035164541683,
        0.9977387033304804,
        -0.06720349700904377,
        0.11233652134121386,
        0,
        0,
        0,
        1
      ],
      "fov": 50,
      "aspect": 1
    },
    {
      "camera_to_world": [
        0.9132781660618327,
        0.028493646557010376,
        0.4063386561731726,
        0.15941413425945017,
        0.40733397986237246,
        -0.060403617277719854,
        -0.9112795574735817,
        -0.4006758437927043,
        -0.0014213529526537413,
        0.997767265010058,
        -0.06677173526375561,
        0.11290766744954293,
        0,
        0,
        0,
        1
      ],
      "fov": 50,
      "aspect": 1
    },
    {
      "camera_to_world": [
        0.9011305773167412,
        0.030355763527144145,
        0.4324837687653504,
        0.1707225905157244,
        0.4335440401304296,
        -0.05894737148994437,
        -0.8992022979629284,
        -0.3920842613512212,
        -0.0018021909392449552,
        0.9977994462892382,
        -0.06627983926283999,
        0.11354198510987892,
        0,
        0,
        0,
        1
      ],
      "fov": 50,
      "aspect": 1
    },
    {
      "camera_to_world": [
        0.8879678792996066,
        0.032197859701361936,
        0.45877700810176925,
        0.18190099082889213,
        0.45990012470238795,
        -0.057354233622197714,
        -0.8861164523832848,
        -0.3833146436925892,
        -0.0022182495097438017,
        0.9978345502718683,
        -0.06573651689016344,
        0.11422389736855833,
        0,
        0,
        0,
        1
      ],
      "fov": 50,
      "aspect": 1
    },
    {
      "camera_to_world": [
        0.8738782483708751,
        0.03399442538689218,
        0.4849548288932342,
        0.19289537315465427,
        0.4861375547813294,
        -0.055644568633324086,
        -0.8721089151091399,
        -0.3744525567534521,
        -0.0026617391835096343,
        0.9978717658217545,
        -0.06515254500242229,
        0.11493782727191759,
        0,
        0,
        0,
        1
      ],
      "fov": 50,
      "aspect": 1
    },
    {
      "camera_to_world": [
        0.8589800594274309,
        0.0357221707742722,
        0.5107613767907879,
        0.20365177544871202,
        0.5119995160079819,
        -0.05384411597738702,
        -0.8572965104222726,
        -0.3655835664704532,
        -0.003122997540798992,
        0.9979101851819068,
        -0.06454075608925522,
        0.1156681978662932,
        0,
        0,
        0,
        1
      ],
      "fov": 50,
      "aspect": 1
    },
    {
      "camera_to_world": [
        0.8434200117350859,
        0.03736104266457808,
        0.5359541363734432,
        0.2141162356667666,
        0.5372427675057527,
        -0.051983564137794834,
        -0.8418241608687005,
        -0.35679323878023617,
        -0.003590622167202833,
        0.9979488271201823,
        -0.06391592823314893,
        0.11639943219802158,
        0,
        0,
        0,
        1
      ],
      "fov": 50,
      "aspect": 1
    },
    {
      "camera_to_world": [
        0.8273699082456897,
        0.03889507457503256,
        0.5603090291110092,
        0.22423479176451924,
        0.561642785803754,
        -0.05009784810059152,
        -0.8258617237590616,
        -0.3481671396194444,
        -0.004051676704480384,
        0.9979866626310658,
        -0.06329459002465894,
        0.11711595331343923,
        0,
        0,
        0,
        1
      ],
      "fov": 50,
      "aspect": 1
    },
    {
      "camera_to_world": [
        0.8110223624013828,
        0.04031298831723208,
        0.5836245288349478,
        0.23395348169767077,
        0.5849979060118231,
        -0.04822523874863307,
        -0.8095997630369092,
        -0.33979083492472156,
        -0.00449195354631694,
        0.998022639683375,
        -0.06269476080794696,
        0.11780218425888257,
        0,
        0,
        0,
        1
      ],
      "fov": 50,
      "aspect": 1
    },
    {
      "camera_to_world": [
        0.7945858088997949,
        0.041608493782167924,
        0.6057244633826818,
        0.24321834342192267,
        0.6071321263124425,
        -0.046406315454181946,
        -0.7932446249961606,
        -0.3317498906327112,
        -0.004896273520839058,
        0.9980557034209796,
        -0.06213565300584587,
        0.11844254808068812,
        0,
        0,
        0,
        1
      ],
      "fov": 50,
      "aspect": 1
    },
    {
      "camera_to_world": [
        0.7782792480220089,
        0.04278026789236111,
        0.6264593049650984,
        0.2519754148929758,
        0.6278963785319815,
        -0.044682922099957154,
        -0.7770132394618715,
        -0.32412987268005705,
        -0.005248802217541405,
        0.998084808596778,
        -0.0616373662936222,
        0.11902146782519232,
        0,
        0,
        0,
        1
      ],
      "fov": 50,
      "aspect": 1
