{
  "keyframes": [
    {
      "matrix": "[0.8707997815807609,-0.4916378142483542,0,0,-0.19245954049141856,-0.3408885992207258,0.9201925277870731,0,-0.4524014430489045,-0.8013034522092315,-0.39146610556322314,0,-0.3001869966761184,-0.30705863869267824,-0.01882924600067984,1]",
      "fov": 50,
      "aspect": 1,
      "properties": "[[\"FOV\",50],[\"NAME\",\"Camera 0\"],[\"TIME\",0.06666666666666667]]"
    },
    {
      "matrix": "[0.8707997815807622,-0.49163781424835185,0,0,-0.12462731293568072,-0.2207426559515342,0.9673369178905015,0,-0.4755794079534235,-0.8423567768140564,-0.25349415631549665,0,-0.312405836769035,-0.0846187987403414,0.14860776579910948,1]",
      "fov": 50,
      "aspect": 1,
      "properties": "[[\"FOV\",50],[\"NAME\",\"Camera 1\"],[\"TIME\",0.15833333333333333]]"
    },
    {
      "matrix": "[0.9679227024993833,-0.25124816812524287,-2.7755575615628914e-17,0,-0.06368994240472244,-0.2453627488486969,0.9673369178905016,0,-0.24304162857990694,-0.9363073637919983,-0.2534941563154969,0,-0.0996400823041343,-0.1983732962268854,0.1679545041569196,1]",
      "fov": 50,
      "aspect": 1,
      "properties": "[[\"FOV\",50],[\"NAME\",\"Camera 2\"],[\"TIME\",0.375]]"
    },
    {
      "matrix": "[0.7984798514762248,0.60202153349071,0,0,0.028164914717701217,-0.037356000856367366,0.9989050339141172,0,0.6013623403285665,-0.7976055431185975,-0.046783899164523524,0,0.30169459491060824,-0.21658637417155285,0.1689880554426749,1]",
      "fov": 50,
      "aspect": 1,
      "properties": "[[\"FOV\",50],[\"NAME\",\"Camera 3\"],[\"TIME\",0.5916666666666666]]"
    },
    {
      "matrix": "[0.9106133827377496,0.4132593219504104,2.7755575615628914e-17,0,0.03836998109842879,-0.084547925304433,0.9956803668232205,0,0.41147419327269985,-0.9066798669584563,-0.09284722463691497,0,0.3257025073127726,-0.7456081634553134,0.0065480787578700225,1]",
      "fov": 50,
      "aspect": 1,
      "properties": "[[\"FOV\",50],[\"NAME\",\"Camera 4\"],[\"TIME\",0.7166666666666667]]"
    },
    {
      "matrix": "[0.9989407869183834,0.046014174238825326,3.469446951953614e-18,0,0.0042722883720343365,-0.0927488796419873,0.9956803668232204,0,0.045815409885181166,-0.9946257291535723,-0.09284722463691453,0,-0.00494434737075581,-0.8320168047106523,0.021147243657947096,1]",
      "fov": 50,
      "aspect": 1,
      "properties": "[[\"FOV\",50],[\"NAME\",\"Camera 5\"],[\"TIME\",0.8583333333333333]]"
    }
  ],
  "camera_type": "perspective",
  "render_height": 1080,
  "render_width": 1920,
  "camera_path": [
    {
      "camera_to_world": [
        0.8707997815807609,
        -0.19245954049141858,
        -0.4524014430489046,
        -0.3001869966761184,
        -0.4916378142483541,
        -0.34088859922072584,
        -0.8013034522092317,
        -0.30705863869267824,
        5.55111512312578e-17,
        0.9201925277870733,
        -0.3914661055632233,
        -0.01882924600067984,
        0,
        0,
        0,
        1
      ],
      "fov": 50,
      "aspect": 1
    },
    {
      "camera_to_world": [
        0.8707997815807609,
        -0.19245954049141858,
        -0.4524014430489046,
        -0.3001869966761184,
        -0.4916378142483541,
        -0.34088859922072584,
        -0.8013034522092317,
        -0.30705863869267824,
        5.55111512312578e-17,
        0.9201925277870733,
        -0.3914661055632233,
        -0.01882924600067984,
        0,
        0,
        0,
        1
      ],
      "fov": 50,
      "aspect": 1
    },
    {
      "camera_to_world": [
        0.8707997815807609,
        -0.19245954049141858,
        -0.4524014430489046,
        -0.3001869966761184,
        -0.4916378142483541,
        -0.34088859922072584,
        -0.8013034522092317,
        -0.30705863869267824,
        5.55111512312578e-17,
        0.9201925277870733,
        -0.3914661055632233,
        -0.01882924600067984,
        0,
        0,
        0,
        1
      ],
      "fov": 50,
      "aspect": 1
    },
    {
      "camera_to_world": [
        0.8707997815807609,
        -0.19245954049141858,
        -0.4524014430489046,
        -0.3001869966761184,
        -0.4916378142483541,
        -0.34088859922072584,
        -0.8013034522092317,
        -0.30705863869267824,
        5.55111512312578e-17,
        0.9201925277870733,
        -0.3914661055632233,
        -0.01882924600067984,
        0,
        0,
        0,
        1
      ],
      "fov": 50,
      "aspect": 1
    },
    {
      "camera_to_world": [
        0.8707997815807609,
        -0.19245954049141858,
        -0.4524014430489046,
        -0.3001869966761184,
        -0.4916378142483541,
        -0.34088859922072584,
        -0.8013034522092317,
        -0.30705863869267824,
        5.55111512312578e-17,
        0.9201925277870733,
        -0.3914661055632233,
        -0.01882924600067984,
        0,
        0,
        0,
        1
      ],
      "fov": 50,
      "aspect": 1
    },
    {
      "camera_to_world": [
        0.8707997815807609,
        -0.19245954049141858,
        -0.4524014430489046,
        -0.3001869966761184,
        -0.4916378142483541,
        -0.34088859922072584,
        -0.8013034522092317,
        -0.30705863869267824,
        5.55111512312578e-17,
        0.9201925277870733,
        -0.3914661055632233,
        -0.01882924600067984,
        0,
        0,
        0,
        1
      ],
      "fov": 50,
      "aspect": 1
    },
    {
      "camera_to_world": [
        0.8707997815807609,
        -0.19245954049141858,
        -0.4524014430489046,
        -0.3001869966761184,
        -0.4916378142483541,
        -0.34088859922072584,
        -0.8013034522092317,
        -0.30705863869267824,
        5.55111512312578e-17,
        0.9201925277870733,
        -0.3914661055632233,
        -0.01882924600067984,
        0,
        0,
        0,
        1
      ],
      "fov": 50,
      "aspect": 1
    },
    {
      "camera_to_world": [
        0.8707997815807609,
        -0.19245954049141858,
        -0.4524014430489046,
        -0.3001869966761184,
        -0.4916378142483541,
        -0.34088859922072584,
        -0.8013034522092317,
        -0.30705863869267824,
        5.55111512312578e-17,
        0.9201925277870733,
        -0.3914661055632233,
        -0.01882924600067984,
        0,
        0,
        0,
        1
      ],
      "fov": 50,
      "aspect": 1
    },
    {
      "camera_to_world": [
        0.8707997815807609,
        -0.19245954049141858,
        -0.4524014430489046,
        -0.3001869966761184,
        -0.4916378142483541,
        -0.34088859922072584,
        -0.8013034522092317,
        -0.30705863869267824,
        5.55111512312578e-17,
        0.9201925277870733,
        -0.3914661055632233,
        -0.01882924600067984,
        0,
        0,
        0,
        1
      ],
      "fov": 50,
      "aspect": 1
    },
    {
      "camera_to_world": [
        0.8608749201014505,
        -0.19459261698485544,
        -0.47013624126981185,
        -0.3127749704437024,
        -0.5087784764340076,
        -0.3405259840676489,
        -0.7906873693769549,
        -0.27420957135630786,
        -0.006231681780335592,
        0.919878126487278,
        -0.3921548145215662,
        -0.01084302907952012,
        0,
        0,
        0,
        1
      ],
      "fov": 50,
      "aspect": 1
    },
    {
      "camera_to_world": [
        0.85360981357672,
        -0.19346247560364974,
        -0.48365541111293775,
        -0.3226750586977072,
        -0.5208132732769633,
        -0.3351238323834838,
        -0.7851404659977359,
        -0.24365824518878496,
        -0.010189236676651921,
        0.9220977646117106,
        -0.38682281726138307,
        0.000994110993589823,
        0,
        0,
        0,
        1
      ],
      "fov": 50,
      "aspect": 1
    },
    {
      "camera_to_world": [
        0.8488263047815293,
        -0.1896723426812837,
        -0.4934757407742837,
        -0.3300180786011409,
        -0.5285352144968252,
        -0.32567488693040325,
        -0.7839556078373724,
        -0.21548056404744972,
        -0.012017959382917696,
        0.9262614482124701,
        -0.3766899231564442,
        0.015880888475072845,
        0,
        0,
        0,
        1
      ],
      "fov": 50,
      "aspect": 1
    },
    {
      "camera_to_world": [
        0.8463284378568985,
        -0.18374539515422095,
        -0.4999658038649459,
        -0.3349348473170118,
        -0.5325249975169576,
        -0.31311329131873294,
        -0.7863696292578414,
        -0.18975243178964238,
        -0.012054140129709012,
        0.931771268369641,
        -0.36284569881226914,
        0.03301601762135174,
        0,
        0,
        0,
        1
      ],
      "fov": 50,
      "aspect": 1
    },
    {
      "camera_to_world": [
        0.8458998661608391,
        -0.17616799654747195,
        -0.503406648169772,
        -0.337556182008328,
        -0.53323348586124,
        -0.29836897290176617,
        -0.7916047028446813,
        -0.16654975227270294,
        -0.010745510008631248,
        0.938051593997897,
        -0.3463289491403503,
        0.05159821268884944,
        0,
        0,
        0,
        1
      ],
      "fov": 50,
      "aspect": 1
    },
    {
      "camera_to_world": [
        0.8472952563947205,
        -0.16742229408738424,
        -0.5040441686335856,
        -0.3380128998380977,
        -0.5310526971022953,
        -0.2824006664281514,
        -0.7988947968921276,
        -0.14594842935397154,
        -0.008589609501193226,
        0.944573786976673,
        -0.32818680589743954,
        0.07082618793398879,
        0,
        0,
        0,
        1
      ],
      "fov": 50,
      "aspect": 1
    },
    {
      "camera_to_world": [
        0.8502339235391572,
        -0.15800769378537738,
        -0.5021313015216609,
        -0.3364358179693291,
        -0.5263699248526612,
        -0.26621143490508764,
        -0.8075061449527043,
        -0.12802436689078844,
        -0.006080910607343087,
        0.9508759333532428,
        -0.309512490694293,
        0.08989865761319261,
        0,
        0,
        0,
        1
      ],
      "fov": 50,
      "aspect": 1
    },
    {
      "camera_to_world": [
        0.8544002022631124,
        -0.14845179355950364,
        -0.4979581903751754,
        -0.33295575356503027,
        -0.5196026034821474,
        -0.25085064253072703,
        -0.8167539957640219,
        -0.11285346874049376,
        -0.0036645364409905604,
        0.9565751513241852,
        -0.2914627781411972,
        0.10801433598288367,
        0,
        0,
        0,
        1
      ],
      "fov": 50,
      "aspect": 1
    },
    {
      "camera_to_world": [
        0.859451802594491,
        -0.13931219517561222,
        -0.49186859148804396,
        -0.32770352378820955,
        -0.5112139590819039,
        -0.23740668630210718,
        -0.8260135309659632,
        -0.10051163876042761,
        -0.0016991341576344941,
        0.9613689081587801,
        -0.2752579433344465,
        0.12437193729948495,
        0,
        0,
        0,
        1
      ],
      "fov": 50,
      "aspect": 1
    },
    {
      "camera_to_world": [
        0.8650345350063537,
        -0.13117139009398393,
        -0.48426162316164717,
        -0.32080994580187505,
        -0.5017121340178261,
        -0.2269947329992373,
        -0.8347205075771674,
        -0.09107478080793006,
        -0.00043338853250247933,
        0.9650219985116489,
        -0.2621685613550241,
        0.13817017581941934,
        0,
        0,
        0,
        1
      ],
      "fov": 50,
      "aspect": 1
    },
    {
      "camera_to_world": [
        0.8707997815807622,
        -0.1246273129356807,
        -0.4755794079534235,
        -0.312405836769035,
        -0.49163781424835185,
        -0.22074265595153394,
        -0.8423567768140564,
        -0.0846187987403414,
        -2.7755575615628914e-17,
        0.9673369178905014,
        -0.25349415631549654,
        0.14860776579910948,
        0,
        0,
        0,
        1
      ],
      "fov": 50,
      "aspect": 1
    },
    {
      "camera_to_world": [
        0.8732689637636606,
        -0.12227085822501298,
        -0.47164727726984856,
        -0.3083568578953105,
        -0.48723843745271056,
        -0.21943855722897243,
        -0.8452487353849801,
        -0.08308440966407414,
        -0.00014830975594028184,
        0.9679341696779724,
        -0.2512039433886947,
        0.1519979296827519,
        0,
        0,
        0,
        1
      ],
      "fov": 50,
      "aspect": 1
    },
    {
      "camera_to_world": [
        0.8758168527754038,
        -0.1198973974288405,
        -0.46751412222988253,
        -0.3039274079297513,
        -0.48264326236550886,
        -0.2187069002463004,
        -0.8480700284043962,
        -0.08261232004069542,
        -0.0005671752511776791,
        0.9683965643652632,
        -0.24941486009816852,
        0.15499919847672655,
        0,
        0,
        0,
        1
      ],
      "fov": 50,
      "aspect": 1
    },
    {
      "camera_to_world": [
        0.8784461717086566,
        -0.1175120157917971,
        -0.4631665462389897,
        -0.29912370256508747,
        -0.47783976457868965,
        -0.21849921144294154,
        -0.8508391469521106,
        -0.0831288380591593,
        -0.001217701847054373,
        0.968735784795504,
        -0.24809170977453182,
        0.15763372348162014,
        0,
        0,
        0,
        1
      ],
      "fov": 50,
      "aspect": 1
    },
    {
      "camera_to_world": [
        0.8811601283976451,
        -0.11511860453548928,
        -0.458589724058496,
        -0.2939519574940491,
        -0.4728134718537402,
        -0.21876544052102115,
        -0.8535743101026743,
        -0.08456027190841994,
        -0.002061299555707566,
        0.9689630482755497,
        -0.24719701074385278,
        0.1599236559980191,
        0,
        0,
        0,
        1
      ],
      "fov": 50,
      "aspect": 1
    },
    {
      "camera_to_world": [
        0.8839622848113802,
        -0.1127201919550108,
        -0.45376738242922454,
        -0.2884183884093663,
        -0.46754819764601335,
        -0.2194544736561131,
        -0.8562934175096074,
        -0.08683292977743147,
        -0.0030597236818224885,
        0.9690892076160706,
        -0.2466916005320145,
        0.16189114732651017,
        0,
        0,
        0,
        1
      ],
      "fov": 50,
      "aspect": 1
    },
    {
      "camera_to_world": [
        0.8868564409937671,
        -0.11031922888984222,
        -0.4486817589394731,
        -0.2825292110037691,
        -0.4620262129864863,
        -0.22051460086283442,
        -0.8590140216083035,
        -0.08987311985514802,
        -0.004175114517582096,
        0.9691248518862033,
        -0.2465351696519376,
        0.16355834876767983,
        0,
        0,
        0,
        1
      ],
      "fov": 50,
      "aspect": 1
    },
    {
      "camera_to_world": [
        0.8898465336244055,
        -0.10791782452548318,
        -0.4433135343595062,
        -0.2762906409699876,
        -0.45622835209544427,
        -0.22189393348075612,
        -0.861753313326217,
        -0.09360715033052368,
        -0.005370041052494765,
        0.9690804019451248,
        -0.24668671878512174,
        0.1649474116221147,
        0,
        0,
        0,
        1
      ],
      "fov": 50,
      "aspect": 1
    },
    {
      "camera_to_world": [
        0.8929365479338734,
        -0.10551793037886141,
        -0.43764173445010857,
        -0.269708894000752,
        -0.45013404849401245,
        -0.2235407694046977,
        -0.8645281156794995,
        -0.09796132939251262,
        -0.006607552521745982,
        0.9689661969245974,
        -0.24710493614485898,
        0.16608048719040133,
        0,
        0,
        0,
        1
      ],
      "fov": 50,
      "aspect": 1
    },
    {
      "camera_to_world": [
        0.8961304405476352,
        -0.1031214718202939,
        -0.4316435978599909,
        -0.2627901857887921,
        -0.4437212994024447,
        -0.22540390500251312,
        -0.8673548801189881,
        -0.10286196523006895,
        -0.007851240698591735,
        0.9687925689533515,
        -0.2477484941634528,
        0.16697972677312636,
        0,
        0,
        0,
        1
      ],
      "fov": 50,
      "aspect": 1
    },
    {
      "camera_to_world": [
        0.8994320698201692,
        -0.10073042760768548,
        -0.4252944071263802,
        -0.25554073202683836,
        -0.43696655688931657,
        -0.22743289363343125,
        -0.8702496808697031,
        -0.10823536603214677,
        -0.009065315179410213,
        0.9685699044712762,
        -0.24857626639162636,
        0.16766728167087633,
        0,
        0,
        0,
        1
      ],
      "fov": 50,
      "aspect": 1
    },
    {
      "camera_to_world": [
        0.9028451293111671,
        -0.09834685868228694,
        -0.4185672799759058,
        -0.24796674840762048,
        -0.4298445445913409,
        -0.22957825130858786,
        -0.8732282027117274,
        -0.11400783998770025,
        -0.010214693542382886,
        0.9683086914375071,
        -0.2495474666720102,
        0.1681653031842378,
        0,
        0,
        0,
        1
      ],
      "fov": 50,
      "aspect": 1
    },
    {
      "camera_to_world": [
        0.906373079194643,
        -0.09597288793126064,
        -0.41143291809644383,
        -0.2400744506238688,
        -0.42232799889236666,
        -0.23179161033848344,
        -0.8763057176170094,
        -0.12010569528568352,
        -0.011265108201455903,
        0.9680195525705183,
        -0.25062171330190675,
        0.16849594261379738,
        0,
        0,
        0,
        1
      ],
      "fov": 50,
      "aspect": 1
    },
    {
      "camera_to_world": [
        0.9100190695161665,
        -0.09361063279445242,
        -0.4038593103356077,
        -0.23187005436831337,
        -0.4143873332692234,
        -0.234025821805764,
        -0.8794970453356613,
        -0.12645524011505063,
        -0.012183232040477207,
        0.9677132654644965,
        -0.25175902109177517,
        0.16868135126014167,
        0,
        0,
        0,
        1
      ],
      "fov": 50,
      "aspect": 1
    },
    {
      "camera_to_world": [
        0.9137858482499047,
        -0.09126209251728379,
        -0.3958113869099382,
        -0.2233597753336842,
        -0.405990224123543,
        -0.2362350073954363,
        -0.8828164923680308,
        -0.13298278266475577,
        -0.012936825511591962,
        0.9674007710097429,
        -0.2529197240142368,
        0.16874368042385723,
        0,
        0,
        0,
        1
      ],
      "fov": 50,
      "aspect": 1
    },
    {
      "camera_to_world": [
        0.9176756459708574,
        -0.08892899156810835,
        -0.387250620723388,
        -0.2145498292127113,
        -0.39710111587296004,
        -0.23837456050564107,
        -0.8862777627110997,
        -0.13961463112375314,
        -0.013494908833337,
        0.9670931720172685,
        -0.2540643305801862,
        0.16870508140553064,
        0,
        0,
        0,
        1
      ],
      "fov": 50,
      "aspect": 1
    },
    {
      "camera_to_world": [
        0.9216900275498279,
        -0.08661258029220785,
        -0.3781345713503641,
        -0.20544643169812496,
        -0.3876806424363981,
        -0.24040109563057716,
        -0.8898938322629951,
        -0.1462770936809967,
        -0.013827964250006975,
        0.9668017243234229,
        -0.2551533132255127,
        0.16858770550574853,
        0,
        0,
        0,
        1
      ],
      "fov": 50,
      "aspect": 1
    },
    {
      "camera_to_world": [
        0.9258296994834587,
        -0.08431339332157277,
        -0.3684163667115925,
        -0.1960557984826552,
        -0.37768496160322806,
        -0.242272343711876,
        -0.8936767767213842,
        -0.15289647852544064,
        -0.013908175046966054,
        0.9665378229427736,
        -0.25614683189121545,
        0.1684137040250974,
        0,
        0,
        0,
        1
      ],
      "fov": 50,
      "aspect": 1
    },
    {
      "camera_to_world": [
        0.9300942591524359,
        -0.08203096567223803,
        -0.35804411706179645,
        -0.18638414525903202,
        -0.36706499824673716,
        -0.2439469894290463,
        -0.8976375401077138,
        -0.15939909384603917,
        -0.013709710201318226,
        0.966312986055442,
        -0.2570043906761341,
        0.16820522826416393,
        0,
        0,
        0,
        1
      ],
      "fov": 50,
      "aspect": 1
    },
    {
      "camera_to_world": [
        0.9344818692965242,
        -0.0797635059384285,
        -0.34696025575919254,
        -0.17643768771998541,
        -0.35576559210393194,
        -0.24538444414776556,
        -0.9017856275441692,
        -0.16571124783174634,
        -0.013209066243027211,
        0.966138839758915,
        -0.25768442498196303,
        0.16798442952353462,
        0,
        0,
        0,
        1
      ],
      "fov": 50,
      "aspect": 1
    },
    {
      "camera_to_world": [
        0.9389888371162488,
        -0.07750752567565437,
        -0.33510080160261146,
        -0.16622264155824573,
        -0.34372454615133413,
        -0.2465445453386813,
        -0.9061287014198381,
        -0.17175924867151632,
        -0.012385481182998027,
        0.9660271065696763,
        -0.25814381501109973,
        0.16777345910379604,
        0,
        0,
        0,
        1
      ],
      "fov": 50,
      "aspect": 1
    },
    {
      "camera_to_world": [
        0.9436090724398603,
        -0.07525742415656976,
        -0.3223945385990665,
        -0.1557452224665429,
        -0.3308715728326647,
        -0.2473871695569446,
        -0.9106720543806327,
        -0.17746940455430313,
        -0.011221439320582146,
        0.9659896005899451,
        -0.25833731989717007,
        0.16759446830553487,
        0,
        0,
        0,
        1
      ],
      "fov": 50,
      "aspect": 1
    },
    {
      "camera_to_world": [
        0.9483333930880485,
        -0.07300502848130574,
        -0.3087621112937154,
        -0.145011646137607,
        -0.31712713808212123,
        -0.24787174134008913,
        -0.915417925396305,
        -0.18276802366906097,
        -0.009703290470360575,
        0.9660382319874693,
        -0.25821692526357004,
        0.1674696084293376,
        0,
        0,
        0,
        1
      ],
      "fov": 50,
      "aspect": 1
    },
    {
      "camera_to_world": [
        0.953148637675341,
        -0.07073909096404783,
        -0.29411503788011606,
        -0.13402812826416802,
        -0.3024012080239783,
        -0.24795661442345346,
        -0.9203646161980029,
        -0.18758141420474408,
        -0.007822012738457843,
        0.9661850228466796,
        -0.25773109580235054,
        0.16742103077579087,
        0,
        0,
        0,
        1
      ],
      "fov": 50,
      "aspect": 1
    },
    {
      "camera_to_world": [
        0.9580365363784549,
        -0.06844474943637631,
        -0.2783546501112661,
        -0.1228008845389563,
        -0.28659191154963715,
        -0.24759829427626,
        -0.9255053543366518,
        -0.19183588435030638,
        -0.005574154491817849,
        0.9664421353325184,
        -0.25682392383814856,
        0.16747088664548124,
        0,
        0,
        0,
        1
      ],
      "fov": 50,
      "aspect": 1
    },
    {
      "camera_to_world": [
        0.9629722785447515,
        -0.0661029625263708,
        -0.2613709798343477,
        -0.1113361306547016,
        -0.26958414529372304,
        -0.24675046197364395,
        -0.9308268357337182,
        -0.19545774229470217,
        -0.002962998579583001,
        0.9668219111403251,
        -0.2554341652527846,
        0.1676413273389953,
        0,
        0,
        0,
        1
      ],
      "fov": 50,
      "aspect": 1
    },
    {
      "camera_to_world": [
        0.9679227024993835,
        -0.06368994240472242,
        -0.24304162857990685,
        -0.0996400823041343,
        -0.2512481681252428,
        -0.24536274884869663,
        -0.9363073637919981,
        -0.1983732962268854,
        -5.551115123125784e-17,
        0.9673369178905014,
        -0.2534941563154966,
        0.1679545041569196,
        0,
        0,
        0,
        1
      ],
      "fov": 50,
      "aspect": 1
    },
    {
      "camera_to_world": [
        0.9730360110357794,
        -0.06114501468599904,
        -0.2224010081061408,
        -0.08728852119819457,
        -0.2306271442236047,
        -0.24341136603050834,
        -0.9421051041335179,
        -0.2004092330387705,
        0.0034700972383207166,
        0.9679939018744956,
        -0.25094972476363814,
        0.1684361251587869,
        0,
        0,
        0,
        1
      ],
      "fov": 50,
      "aspect": 1
    },
    {
      "camera_to_world": [
        0.9783407715655239,
        -0.05839085964351307,
        -0.19859466811238194,
        -0.07391747939098979,
        -0.2068639568851593,
        -0.24090816533717824,
        -0.9482460436066631,
        -0.2015103650077818,
        0.007525824499053495,
        0.9687898447981205,
        -0.24776924462419278,
        0.1690806128525518,
        0,
        0,
        0,
        1
      ],
      "fov": 50,
      "aspect": 1
    },
    {
      "camera_to_world": [
        0.9835979695014538,
        -0.05537519092631787,
        -0.17166427299380338,
        -0.05962354809000138,
        -0.17997341132717673,
        -0.23784514312060875,
        -0.9544837657651364,
        -0.20178018840113826,
        0.012025207186408881,
        0.9697232987423839,
        -0.2439100618431166,
        0.1698631902114337,
        0,
        0,
        0,
        1
      ],
      "fov": 50,
      "aspect": 1
    },
    {
      "camera_to_world": [
        0.9885441198676944,
        -0.05204959236736525,
        -0.14167343791055792,
        -0.04450331850271003,
        -0.1499925259684181,
        -0.23420383505538506,
        -0.9605471387698593,
        -0.2013221994860591,
        0.01681562453847656,
        0.9707931827015169,
        -0.23932787382927193,
        0.17075908020865205,
        0,
        0,
        0,
        1
      ],
      "fov": 50,
      "aspect": 1
    },
    {
      "camera_to_world": [
        0.9928943608133443,
        -0.04837422729108989,
        -0.10872314564549011,
        -0.028653381836597193,
        -0.11699734382140725,
        -0.22995500322482898,
        -0.9661430111689492,
        -0.20023989452976335,
        0.021734990310462506,
        0.9719982667813041,
        -0.23398068204521763,
        0.17174350581742626,
        0,
        0,
        0,
        1
      ],
      "fov": 50,
      "aspect": 1
    },
    {
      "camera_to_world": [
        0.9963489978376523,
        -0.044322947857362856,
        -0.07296677874991897,
        -0.012170329299143743,
        -0.08111946578489869,
        -0.2250596520981215,
        -0.9709622985823112,
        -0.19863676979947015,
        0.026614033491351597,
        0.9733363392428673,
        -0.22783341267385523,
        0.17279169001097575,
        0,
        0,
        0,
        1
      ],
      "fov": 50,
      "aspect": 1
    },
    {
      "camera_to_world": [
        0.9986040867713567,
        -0.03988841531744966,
        -0.03462357877238348,
        0.004849247902169229,
        -0.04256105025841084,
        -0.21947176341675922,
        -0.974690054357609,
        -0.19661632156239858,
        0.031279943805029825,
        0.9748030874931617,
        -0.22086309272794638,
        0.1738788557625199,
        0,
        0,
        0,
        1
      ],
      "fov": 50,
      "aspect": 1
    },
    {
      "camera_to_world": [
        0.9993661977377514,
        -0.035086599666581085,
        0.006011101648351493,
        0.022308758559860892,
        -0.0016065167173027646,
        -0.21314300214709334,
        -0.9770196926059174,
        -0.1942820460857677,
        0.03556152307237091,
        0.9763907983791947,
        -0.2130642788390677,
        0.1749802260452782,
        0,
        0,
        0,
        1
      ],
      "fov": 50,
      "aspect": 1
    },
    {
      "camera_to_world": [
        0.9983708090967258,
        -0.029959836748709858,
        0.048560639673914476,
        0.040111611466449724,
        0.041371118124577104,
        -0.20602936633938781,
        -0.977670870380678,
        -0.19173743963679674,
        0.039295777491626126,
        0.9780870658524123,
        -0.2044542332248164,
        0.17607102383246998,
        0,
        0,
        0,
        1
      ],
      "fov": 50,
      "aspect": 1
    },
    {
      "camera_to_world": [
        0.9954029082161889,
        -0.024577569602257033,
        0.09256885754507106,
        0.058161215414454924,
        0.08591127200171994,
        -0.1980993453316927,
        -0.9764097002397104,
        -0.18908599848270466,
        0.04233560744574171,
        0.979873763528548,
        -0.19507717419164933,
        0.1771264720973147,
        0,
        0,
        0,
        1
      ],
      "fov": 50,
      "aspect": 1
    },
    {
      "camera_to_world": [
        0.9903175030880016,
        -0.019034072162878998,
        0.13750980755729536,
        0.07636097919639555,
        0.13147559727169386,
        -0.1893426867970587,
        -0.9730691210178866,
        -0.18643121889071063,
        0.044557944292768485,
        0.9817265663377808,
        -0.18500686081070966,
        0.17812179381303175,
        0,
        0,
        0,
        1
      ],
      "fov": 50,
      "aspect": 1
    },
    {
      "camera_to_world": [
        0.9830571444930459,
        -0.013442882481173474,
        0.18280574272099903,
        0.0946143116047902,
        0.17746679417044717,
        -0.17977848855225967,
        -0.9675666550789818,
        -0.18387659712803375,
        0.04587142496198331,
        0.9836152621652748,
        -0.17434686233911625,
        0.17903221195284064,
        0,
        0,
        0,
        1
      ],
      "fov": 50,
      "aspect": 1
    },
    {
      "camera_to_world": [
        0.9736635029363038,
        -0.007928303158541082,
        0.22785198059010336,
        0.11282462143215816,
        0.22325513742148462,
        -0.16946118623537504,
        -0.9599166890801584,
        -0.18152562946189307,
        0.046222577434849095,
        0.9855049712552066,
        -0.16322813779049733,
        0.17983294948996068,
        0,
        0,
        0,
        1
      ],
      "fov": 50,
      "aspect": 1
    },
    {
      "camera_to_world": [
        0.9622807040888623,
        -0.002615000057277453,
        0.27204596727932534,
        0.13089531747101799,
        0.2682098513286494,
        -0.1584832198200489,
        -0.9502349944543896,
        -0.17948181215950776,
        0.04559958539841242,
        0.9873582079519927,
        -0.15180397557811984,
        0.18049922939761134,
        0,
        0,
        0,
        1
      ],
      "fov": 50,
      "aspect": 1
    },
    {
      "camera_to_world": [
        0.9491494400282594,
        0.0023827708530528274,
        0.31481687200196795,
        0.14872980851388898,
        0.3117313482830401,
        -0.1469737320519917,
        -0.938734407904785,
        -0.1778486414880969,
        0.04403302160515008,
        0.9891375255695092,
        -0.14024281984668305,
        0.18100627464901203,
        0,
        0,
        0,
        1
      ],
      "fov": 50,
      "aspect": 1
    },
    {
      "camera_to_world": [
        0.9345925273652551,
        0.006970639896073761,
        0.3556518212697135,
        0.1662315033532898,
        0.35328005192076933,
        -0.135093438463665,
        -0.9257121408941997,
        -0.17672961371487955,
        0.041593421449593465,
        0.9908083432548916,
        -0.1287199061086252,
        0.18132930821738216,
        0,
        0,
        0,
        1
      ],
      "fov": 50,
      "aspect": 1
    },
    {
      "camera_to_world": [
        0.9189941110307853,
        0.011080918328731147,
        0.39411551243224213,
        0.18330381078173935,
        0.39239818101823676,
        -0.12302657194534258,
        -0.9115306523255027,
        -0.17622822510707484,
        0.03838608373246688,
        0.9923415117006692,
        -0.11740882731428078,
        0.18144355307594115,
        0,
        0,
        0,
        1
      ],
      "fov": 50,
      "aspect": 1
    },
    {
      "camera_to_world": [
        0.902775682842823,
        0.014675935980746251,
        0.42986123734382475,
        0.19985013959175668,
        0.42872227124372364,
        -0.11097131005117992,
        -0.8965949935646239,
        -0.17644797193190193,
        0.03454389392205341,
        0.9937152435424415,
        -0.10647410081370959,
        0.1813242321979084,
        0,
        0,
        0,
        1
      ],
      "fov": 50,
      "aspect": 1
    },
    {
      "camera_to_world": [
        0.8863722753452549,
        0.017747873377114212,
        0.46263290251544537,
        0.2157738985758608,
        0.46198592118332865,
        -0.09913021229739419,
        -0.8813297961820336,
        -0.1774923504565798,
        0.030219168215999164,
        0.9949161844097538,
        -0.09606553946067065,
        0.18094656855650337,
        0,
        0,
        0,
        1
      ],
      "fov": 50,
      "aspect": 1
    },
    {
      "camera_to_world": [
        0.8702116585383044,
        0.0203156594636992,
        0.4922590205619077,
        0.23097849652657076,
        0.49201378392995915,
        -0.0877019493224015,
        -0.8661586485788701,
        -0.17946485694832762,
        0.025575491528749182,
        0.9959395775174347,
        -0.08631484326265644,
        0.1802857851249455,
        0,
        0,
        0,
        1
      ],
      "fov": 50,
      "aspect": 1
    },
    {
      "camera_to_world": [
        0.8546983767235816,
        0.022419871035123443,
        0.5186405635976068,
        0.24536734223640502,
        0.5187088424383025,
        -0.07687513378577909,
        -0.8514877277927938,
        -0.18246898767436448,
        0.02078031766819316,
        0.9967886251298151,
        -0.07733443740935844,
        0.17931710487645414,
        0,
        0,
        0,
        1
      ],
      "fov": 50,
      "aspect": 1
    },
    {
      "camera_to_world": [
        0.8402033528265264,
        0.024116647474179163,
        0.5417349104623681,
        0.258843844497883,
        0.5420353901846379,
        -0.06682454000999175,
        -0.8376945246567153,
        -0.18660823890190953,
        0.01599880265680573,
        0.997473241830105,
        -0.06921827899109748,
        0.1780157507842487,
        0,
        0,
        0,
        1
      ],
      "fov": 50,
      "aspect": 1
    },
    {
      "camera_to_world": [
        0.8270588346709257,
        0.025471486034289795,
        0.5615379661180316,
        0.27131141210352333,
        0.5619999766718401,
        -0.057709565703888493,
        -0.8251215863417463,
        -0.1919861068981818,
        0.01138903918782163,
        0.9980084215203163,
        -0.0620441807174912,
        0.17635694582154862,
        0,
        0,
        0,
        1
      ],
      "fov": 50,
      "aspect": 1
    },
    {
      "camera_to_world": [
        0.8155578074763183,
        0.026553513101501502,
        0.57806606335815,
        0.28267345384584497,
        0.5786320699596673,
        -0.049674513071843986,
        -0.81407454840774,
        -0.1987060879304003,
        0.007098611033929973,
        0.9984124166360533,
        -0.05587715121894975,
        0.17431591296157337,
        0,
        0,
        0,
        1
      ],
      "fov": 50,
      "aspect": 1
    },
    {
      "camera_to_world": [
        0.8059566653713527,
        0.02743053413199787,
        0.5913386672125569,
        0.2928333785173671,
        0.5919655492483219,
        -0.042850148740536456,
        -0.8048233677373232,
        -0.20687167826578445,
        0.0032622149871405328,
        0.9987048766027664,
        -0.05077329419321219,
        0.17186787517754226,
        0,
        0,
        0,
        1
      ],
      "fov": 50,
      "aspect": 1
    },
    {
      "camera_to_world": [
        0.7984798514762246,
        0.02816491471770125,
        0.6013623403285667,
        0.3016945949106084,
        0.6020215334907102,
        -0.03735600085636736,
        -0.7976055431185973,
        -0.2165863741715531,
        -6.245004513516506e-17,
        0.9989050339141172,
        -0.0467838991645235,
        0.1689880554426748,
        0,
        0,
        0,
        1
      ],
      "fov": 50,
      "aspect": 1
    },
    {
      "camera_to_world": [
        0.78988012418116,
        0.029317992358780003,
        0.6125600743989162,
        0.3149871539066734,
        0.6132455757442409,
        -0.030613820842316324,
        -0.7892988393527189,
        -0.2379401344423128,
        -0.004387852968132561,
        0.9991012207466695,
        -0.042160377712313894,
        0.16253831825628656,
        0,
        0,
        0,
        1
      ],
      "fov": 50,
      "aspect": 1
    },
    {
      "camera_to_world": [
        0.7857831977753532,
        0.030480954044516322,
        0.6177504978018846,
        0.32652209351165357,
        0.6184577285841794,
        -0.026767455153774978,
        -0.7853620447278363,
        -0.26495410004121955,
        -0.007402975647522441,
        0.9991768686199288,
        -0.03988459811049198,
        0.15415132034272092,
        0,
        0,
        0,
        1
      ],
      "fov": 50,
      "aspect": 1
    },
    {
      "camera_to_world": [
        0.7857017066428458,
        0.03170320891299857,
        0.6177926308423711,
        0.33631956661241724,
        0.6185376702964189,
        -0.02546791006368055,
        -0.7853423049736128,
        -0.2967807848710578,
        -0.009163984002496172,
        0.9991728039241297,
        -0.039619809383627115,
        0.14412973963047163,
        0,
        0,
        0,
        1
      ],
      "fov": 50,
      "aspect": 1
    },
    {
      "camera_to_world": [
        0.7891230884699895,
        0.032983288957862414,
        0.6133488843171621,
        0.34439972609583286,
        0.6141562277056638,
        -0.02636777042460981,
        -0.7887438549067649,
        -0.3325727028346126,
        -0.009842723908262645,
        0.9991080238554574,
        -0.041064308757222376,
        0.13277625404803226,
        0,
        0,
        0,
        1
      ],
      "fov": 50,
      "aspect": 1
    },
    {
      "camera_to_world": [
        0.7955243170034831,
        0.03428677818498309,
        0.6049508061800031,
        0.3507827248487686,
        0.6058449498190644,
        -0.029123395966620422,
        -0.7950495107765974,
        -0.3714823678346673,
        -0.009641464353370042,
        0.9989876098576324,
        -0.043940841094106176,
        0.1203935415238968,
        0,
        0,
        0,
        1
      ],
      "fov": 50,
      "aspect": 1
    },
    {
      "camera_to_world": [
        0.8043764566900931,
        0.0355602107180294,
        0.5930547928618235,
        0.3554887157580929,
        0.5940551236841576,
        -0.033393874640139334,
        -0.8037308997177595,
        -0.41266229377400687,
        -0.008776442746993348,
        0.9988094515723247,
        -0.047985971934522094,
        0.10728427998655886,
        0,
        0,
        0,
        1
      ],
      "fov": 50,
      "aspect": 1
    },
    {
      "camera_to_world": [
        0.8151464287411827,
        0.036742136001455504,
        0.5780885011419501,
        0.35853785171067404,
        0.5792068494299393,
        -0.038839251973551876,
