{
  "keyframes": [
    {
      "matrix": "[0.9377848122519618,-0.3472170011816138,0,0,-0.028371992467777052,-0.07662880428971719,0.996655936818989,0,-0.34605588559214134,-0.9346488005895986,-0.0817125669861336,0,-0.35291766174390476,-0.6720321441024865,0.05980173664357025,1]",
      "fov": 50,
      "aspect": 1,
      "properties": "[[\"FOV\",50],[\"NAME\",\"Camera 0\"],[\"TIME\",0]]"
    },
    {
      "matrix": "[0.9377848122519623,-0.3472170011816124,-5.551115123125783e-17,0,-0.10215626446229803,-0.27590985741803964,0.9557394248489836,0,-0.33184897700710314,-0.8962779170938026,-0.2942144656357568,0,-0.22146614598461023,-0.31699988874904794,0.029748902959804188,1]",
      "fov": 50,
      "aspect": 1,
      "properties": "[[\"FOV\",50],[\"NAME\",\"Camera 1\"],[\"TIME\",0.25390625]]"
    },
    {
      "matrix": "[0.9894482958419927,0.14488640327986818,0,0,0.042627675718873145,-0.2911100016353614,0.9557394248489834,0,0.13847364773913912,-0.9456547451858328,-0.29421446563575615,0,0.05590556678161403,-0.34249667718804583,0.029748902959804098,1]",
      "fov": 50,
      "aspect": 1,
      "properties": "[[\"FOV\",50],[\"NAME\",\"Camera 2\"],[\"TIME\",0.5]]"
    },
    {
      "matrix": "[0.7988603283941833,0.6015165631285124,0,0,0.17697487419191243,-0.2350362646361006,0.955739424848984,0,0.5748930940815818,-0.7635023107941273,-0.2942144656357577,0,0.3101729471600987,-0.306601274952452,0.029748902959803925,1]",
      "fov": 50,
      "aspect": 1,
      "properties": "[[\"FOV\",50],[\"NAME\",\"Camera 3\"],[\"TIME\",0.75]]"
    },
    {
      "matrix": "[0.9921479476666424,0.1250697802863242,0,0,0.001062922359937886,-0.00843190285876494,0.9999638859530062,0,0.12506526351040145,-0.9921121171890357,-0.00849863458226685,0,0.05743618909286818,-0.711726903749411,0.09147265134198025,1]",
      "fov": 50,
      "aspect": 1,
      "properties": "[[\"FOV\",50],[\"NAME\",\"Camera 4\"],[\"TIME\",1]]"
    }
  ],
  "camera_type": "perspective",
  "render_height": 1080,
  "render_width": 1920,
  "camera_path": [
    {
      "camera_to_world": [
        0.9377848122519619,
        -0.028371992467777073,
        -0.3460558855921414,
        -0.35291766174390476,
        -0.34721700118161386,
        -0.0766288042897172,
        -0.9346488005895989,
        -0.6720321441024865,
        3.4694469519536134e-18,
        0.9966559368189891,
        -0.08171256698613368,
        0.05980173664357025,
        0,
        0,
        0,
        1
      ],
      "fov": 50,
      "aspect": 1
    },
    {
      "camera_to_world": [
        0.9357736777894057,
        -0.0297517321158992,
        -0.35134378946068384,
        -0.35618842158401676,
        -0.35260099782482895,
        -0.08008991938698357,
        -0.9323401424080814,
        -0.6666449925941244,
        -0.0004003616171989466,
        0.9963435347553022,
        -0.08543652884969771,
        0.059001830738791464,
        0,
        0,
        0,
        1
      ],
      "fov": 50,
      "aspect": 1
    },
    {
      "camera_to_world": [
        0.9338432384566998,
        -0.031310739650922625,
        -0.35630947724024364,
        -0.3588627068476448,
        -0.35768178314439775,
        -0.08380807311622993,
        -0.9300752382937569,
        -0.6606282054251051,
        -0.0007402670785703544,
        0.9959898817071672,
        -0.08946288359758804,
        0.05818573194578939,
        0,
        0,
        0,
        1
      ],
      "fov": 50,
      "aspect": 1
    },
    {
      "camera_to_world": [
        0.931997441608152,
        -0.033035730027496206,
        -0.3609562430231812,
        -0.36096053903732195,
        -0.3624633941500906,
        -0.08776793258782567,
        -0.9278561730734216,
        -0.6540169753602849,
        -0.0010279771668140374,
        0.9955930044706066,
        -0.09377373146108264,
        0.05735487832417406,
        0,
        0,
        0,
        1
      ],
      "fov": 50,
      "aspect": 1
    },
    {
      "camera_to_world": [
        0.930239949022008,
        -0.0349136269370449,
        -0.3652871143328668,
        -0.3625019396555816,
        -0.3669496182367061,
        -0.09195453960763855,
        -0.9256847953388254,
        -0.6468464951645199,
        -0.0012707948173270797,
        0.9951509439776702,
        -0.0983513283127593,
        0.0565107079335555,
        0,
        0,
        0,
        1
      ],
      "fov": 50,
      "aspect": 1
    },
    {
      "camera_to_world": [
        0.9285741604929674,
        -0.0369315474245099,
        -0.36930487306507614,
        -0.3635069302049568,
        -0.3711439780834449,
        -0.09635326020325641,
        -0.9235627736004733,
        -0.6391519576026657,
        -0.0014751261560320829,
        0.9946618068735901,
        -0.10317806913190929,
        0.055654658833543744,
        0,
        0,
        0,
        1
      ],
      "fov": 50,
      "aspect": 1
    },
    {
      "camera_to_world": [
        0.9270032336150386,
        -0.039076786086843805,
        -0.37301207709186224,
        -0.36399553218798086,
        -0.3750497217353077,
        -0.10094973907999231,
        -0.9214916474965738,
        -0.630968555439579,
        -0.0016465398660725841,
        0.9941238126957851,
        -0.10823647230792822,
        0.05478816908374881,
        0,
        0,
        0,
        1
      ],
      "fov": 50,
      "aspect": 1
    },
    {
      "camera_to_world": [
        0.925530100151211,
        -0.041336799128921374,
        -0.37641108213210817,
        -0.36398776710718683,
        -0.3786698169121253,
        -0.10572985888095462,
        -0.919472874369196,
        -0.6223314814401155,
        -0.0017898250827638042,
        0.9935353370559039,
        -0.11350916503694532,
        0.05391267674378074,
        0,
        0,
        0,
        1
      ],
      "fov": 50,
      "aspect": 1
    },
    {
      "camera_to_world": [
        0.9241574793750257,
        -0.04369918848591204,
        -0.37950406353670535,
        -0.36350365646510807,
        -0.3820069486943861,
        -0.11067970408078646,
        -0.9175078714941874,
        -0.6132759283691313,
        -0.0019090480359660739,
        0.9928949511555903,
        -0.11897886999519747,
        0.05302961987324957,
        0,
        0,
        0,
        1
      ],
      "fov": 50,
      "aspect": 1
    },
    {
      "camera_to_world": [
        0.9228878887543981,
        -0.04615168616403827,
        -0.38229303767485207,
        -0.36256322176427785,
        -0.38506351982745757,
        -0.11578552930451877,
        -0.915598054225631,
        -0.6038370889914825,
        -0.0020076076655896613,
        0.992201457904537,
        -0.12462839340845455,
        0.0521404365317653,
        0,
        0,
        0,
        1
      ],
      "fov": 50,
      "aspect": 1
    },
    {
      "camera_to_world": [
        0.9217236523306158,
        -0.04868213890286594,
        -0.3847798826422093,
        -0.3611864845072292,
        -0.3878416529685568,
        -0.12103373182960751,
        -0.9137448702903979,
        -0.594050156072025,
        -0.0020882904318866445,
        0.991453924855432,
        -0.13044061457932254,
        0.051246564778938,
        0,
        0,
        0,
        1
      ],
      "fov": 50,
      "aspect": 1
    },
    {
      "camera_to_world": [
        0.9206669071256832,
        -0.05127849322079225,
        -0.3869663580424453,
        -0.3593934661964955,
        -0.3903431942753682,
        -0.1264108279993598,
        -0.911949830444317,
        -0.5839503223756152,
        -0.0021533245299006775,
        0.9906517141243543,
        -0.13639847688279913,
        0.05034944267437767,
        0,
        0,
        0,
        1
      ],
      "fov": 50,
      "aspect": 1
    },
    {
      "camera_to_world": [
        0.9197196078893874,
        -0.05392878087029587,
        -0.3888541236217449,
        -0.3572041883346097,
        -0.39256971780291244,
        -0.13190343324869766,
        -0.9102145356790057,
        -0.5735727806671088,
        -0.0022044336990304507,
        0.9897945094266032,
        -0.1424849801944633,
        0.04945050827769436,
        0,
        0,
        0,
        1
      ],
      "fov": 50,
      "aspect": 1
    },
    {
      "camera_to_world": [
        0.9188835304737735,
        -0.05662110469997761,
        -0.390444756561806,
        -0.35463867242410524,
        -0.39452253023741357,
        -0.13749824541797193,
        -0.9085407011477518,
        -0.5629527237113622,
        -0.0022428907960175826,
        0.9888823403264583,
        -0.1486831746746881,
        0.048551199648498085,
        0,
        0,
        0,
        1
      ],
      "fov": 50,
      "aspect": 1
    },
    {
      "camera_to_world": [
        0.918160274097269,
        -0.05934362489575238,
        -0.3917397672612016,
        -0.35171693996751535,
        -0.39620267555363387,
        -0.14318203100698634,
        -0.906930176960088,
        -0.5521253442732313,
        -0.0022695712745051874,
        0.9879156037744047,
        -0.1549761557959266,
        0.04765295484639888,
        0,
        0,
        0,
        1
      ],
      "fov": 50,
      "aspect": 1
    },
    {
      "camera_to_world": [
        0.9175512627335455,
        -0.06208454555315496,
        -0.39274061345821437,
        -0.34845901246737304,
        -0.39761093923647445,
        -0.14894161399938402,
        -0.905384965977869,
        -0.5411258351175721,
        -0.0022850066881799917,
        0.9868950829863916,
        -0.16134706046816671,
        0.04675721193100677,
        0,
        0,
        0,
        1
      ],
      "fov": 50,
      "aspect": 1
    },
    {
      "camera_to_world": [
        0.9170577458314664,
        -0.06483210151609493,
        -0.3934487125706685,
        -0.3448849114262118,
        -0.3987478517594044,
        -0.154763866867089,
        -0.9039072387306156,
        -0.5299893890092406,
        -0.0022894383087981723,
        0.9858219637061009,
        -0.1677790640898843,
        0.0458654089619318,
        0,
        0,
        0,
        1
      ],
      "fov": 50,
      "aspect": 1
    },
    {
      "camera_to_world": [
        0.9166807985422,
        -0.06757454540412919,
        -0.3938654521501727,
        -0.34101465834656447,
        -0.39961369106221617,
        -0.16063570334568938,
        -0.9024993455544815,
        -0.5187511987130933,
        -0.0022828709263427727,
        0.9846978478823141,
        -0.17425537832810986,
        0.044978983998783986,
        0,
        0,
        0,
        1
      ],
      "fov": 50,
      "aspect": 1
    },
    {
      "camera_to_world": [
        0.9164213215979374,
        -0.07030013474008659,
        -0.3939921983697338,
        -0.3368682747309646,
        -0.4002084838192714,
        -0.1665440725546573,
        -0.9011638260471785,
        -0.5074464569939857,
        -0.0022651268772492794,
        0.9835247647885816,
        -0.18075924941146235,
        0.044099375101173365,
        0,
        0,
        0,
        1
      ],
      "fov": 50,
      "aspect": 1
    },
    {
      "camera_to_world": [
        0.9162800409537633,
        -0.07299711908243225,
        -0.3938303024850107,
        -0.3324657820819452,
        -0.40053200533726224,
        -0.1724759540213194,
        -0.8999034159202569,
        -0.49611035661677433,
        -0.0022359003289884605,
        0.9823051796107466,
        -0.18727395670412345,
        0.043228020328709954,
        0,
        0,
        0,
        1
      ],
      "fov": 50,
      "aspect": 1
    },
    {
      "camera_to_world": [
        0.9162575072702862,
        -0.0756537270619245,
        -0.39338110523064207,
        -0.3278272019020395,
        -0.40058377796891126,
        -0.17841835315468854,
        -0.8987210513199982,
        -0.48477809034631486,
        -0.002194811836053412,
        0.9810419995286689,
        -0.19378281131667907,
        0.0423663577410038,
        0,
        0,
        0,
        1
      ],
      "fov": 50,
      "aspect": 1
    },
    {
      "camera_to_world": [
        0.9163540952798398,
        -0.07825815321979165,
        -0.3926459391340932,
        -0.3229725556937808,
        -0.400363067976231,
        -0.1843582967047993,
        -0.8976198706784322,
        -0.47348485094746356,
        -0.0021414631741353963,
        0.9797385773208753,
        -0.2002691545014884,
        0.041515825397664935,
        0,
        0,
        0,
        1
      ],
      "fov": 50,
      "aspect": 1
    },
    {
      "camera_to_world": [
        0.916570003043664,
        -0.08079854454481132,
        -0.3916261287503404,
        -0.31792186495970226,
        -0.3998688808242043,
        -0.19028282773515381,
        -0.8966032141463203,
        -0.46226583118507664,
        -0.002075492456363737,
        0.9783987125239657,
        -0.20671635557572524,
        0.04067786135830336,
        0,
        0,
        0,
        1
      ],
      "fov": 50,
      "aspect": 1
    },
    {
      "camera_to_world": [
        0.9169052510716794,
        -0.08326298660933931,
        -0.39032298884138705,
        -0.31269515120233704,
        -0.39909995493318223,
        -0.1961789996303034,
        -0.8956746206499241,
        -0.4511562238240098,
        -0.0019966295381136923,
        0.9770266501815323,
        -0.21310780911440375,
        0.03985390368252914,
        0,
        0,
        0,
        1
      ],
      "fov": 50,
      "aspect": 1
    },
    {
      "camera_to_world": [
        0.9173596812405684,
        -0.08563948920962419,
        -0.38873782054505257,
        -0.3073124359242184,
        -0.3980547539661709,
        -0.20203386865744893,
        -0.8948378226026411,
        -0.4401912216291194,
        -0.0019047517250396083,
        0.9756270772191694,
        -0.21942693115852172,
        0.03904539042995228,
        0,
        0,
        0,
        1
      ],
      "fov": 50,
      "aspect": 1
    },
    {
      "camera_to_world": [
        0.9179329554100618,
        -0.08791597142382593,
        -0.3868719055976471,
        -0.30179374062787967,
        -0.39673145777568664,
        -0.20783448460011866,
        -0.8940967382907632,
        -0.4294060173652614,
        -0.0017999398124460423,
        0.974205116481949,
        -0.22565715418985394,
        0.03825375966018282,
        0,
        0,
        0,
        1
      ],
      "fov": 50,
      "aspect": 1
    },
    {
      "camera_to_world": [
        0.9186245536018768,
        -0.09008024601228866,
        -0.3847264986950057,
        -0.29615908681585384,
        -0.3951279521843534,
        -0.2135678789833299,
        -0.8934554619392963,
        -0.418835803797292,
        -0.0016825345024603922,
        0.9727663184675583,
        -0.2317819206338595,
        0.0374804494328308,
        0,
        0,
        0,
        1
      ],
      "fov": 50,
      "aspect": 1
    },
    {
      "camera_to_world": [
        0.9194337715708252,
        -0.09212000309912943,
        -0.38230281809589656,
        -0.2904284959906742,
        -0.39324181782424894,
        -0.2192210504129585,
        -0.8929182514486527,
        -0.408515773690067,
        -0.001553193268097525,
        0.9713166507812245,
        -0.23778467466558156,
        0.03672689780750624,
        0,
        0,
        0,
        1
      ],
      "fov": 50,
      "aspect": 1
    },
    {
      "camera_to_world": [
        0.9203597175634064,
        -0.09402279309251409,
        -0.37960203459108216,
        -0.28462198965487395,
        -0.3910703183127505,
        -0.22478094655710615,
        -0.8924895137757392,
        -0.3984811198084426,
        -0.0014129477594119755,
        0.9698624853266435,
        -0.2436488521102767,
        0.035994542843819165,
        0,
        0,
        0,
        1
      ],
      "fov": 50,
      "aspect": 1
    },
    {
      "camera_to_world": [
        0.9214013080258865,
        -0.09577600882360573,
        -0.37662525898033705,
        -0.2787595893109864,
        -0.3886103880979242,
        -0.2302344423038755,
        -0.8921737879132092,
        -0.38876703491727493,
        -0.001263261875525293,
        0.9684105832294708,
        -0.24935786825081302,
        0.035284822601379606,
        0,
        0,
        0,
        1
      ],
      "fov": 50,
      "aspect": 1
    },
    {
      "camera_to_world": [
        0.9225572619915443,
        -0.0973668669117088,
        -0.37337352821867653,
        -0.27286131646154466,
        -0.38585862036518703,
        -0.23556831363799036,
        -0.8919757253981904,
        -0.3794087117814199,
        -0.0011060906562197215,
        0.9669680774656169,
        -0.2548951033776624,
        0.03459917513979759,
        0,
        0,
        0,
        1
      ],
      "fov": 50,
      "aspect": 1
    },
    {
      "camera_to_world": [
        0.9238260938456058,
        -0.09878238839630965,
        -0.3698477904120702,
        -0.26694719260908184,
        -0.38281125546006733,
        -0.24076920678807345,
        -0.8919000682563765,
        -0.3704413431657336,
        -0.0009439401766393185,
        0.9655424531346939,
        -0.2602438859446661,
        0.033939038518683164,
        0,
        0,
        0,
        1
      ],
      "fov": 50,
      "aspect": 1
    },
    {
      "camera_to_world": [
        0.9252061041365078,
        -0.100009378716388,
        -0.36604888886227716,
        -0.2610372392561313,
        -0.37946417035055613,
        -0.2458236022072546,
        -0.8919516242588573,
        -0.36190012183507236,
        -0.000779928656886489,
        0.9641415252786342,
        -0.26538747322486544,
        0.03330585079764635,
        0,
        0,
        0,
        1
      ],
      "fov": 50,
      "aspect": 1
    },
    {
      "camera_to_world": [
        0.9266953680737058,
        -0.10103440716451507,
        -0.3619775453804475,
        -0.25515147790522624,
        -0.37581286972817146,
        -0.250717772962415,
        -0.8921352393373122,
        -0.35382024055429173,
        -0.0006178490231691924,
        0.9627734140957996,
        -0.2703090293958059,
        0.03270105003629717,
        0,
        0,
        0,
        1
      ],
      "fov": 50,
      "aspect": 1
    },
    {
      "camera_to_world": [
        0.9282917213255402,
        -0.10184378599899227,
        -0.3576343431101901,
        -0.2493099300588999,
        -0.37185247943096483,
        -0.2554377371224375,
        -0.8924557669682079,
        -0.34623689208824837,
        -0.00046223317665966557,
        0.9614465173410114,
        -0.2749916010232502,
        0.03212607429424565,
        0,
        0,
        0,
        1
      ],
      "fov": 50,
      "aspect": 1
    },
    {
      "camera_to_world": [
        0.9299927427060318,
        -0.10242354946288817,
        -0.353019709123352,
        -0.24353261721968536,
        -0.3675777429659451,
        -0.25996920375427895,
        -0.8929180342984612,
        -0.339185269201798,
        -0.0003184182380916723,
        0.9601694796309603,
        -0.27941808995667444,
        0.03158236163110185,
        0,
        0,
        0,
        1
      ],
      "fov": 50,
      "aspect": 1
    },
    {
      "camera_to_world": [
        0.9317957333174508,
        -0.10275943303572231,
        -0.34813389707635634,
        -0.23783956089011593,
        -0.36298302201458593,
        -0.2642975121589782,
        -0.8935268047438384,
        -0.33270056465979664,
        -0.00019261503779335887,
        0.9589511582915742,
        -0.28357122369996485,
        0.031071350106475763,
        0,
        0,
        0,
        1
      ],
      "fov": 50,
      "aspect": 1
    },
    {
      "camera_to_world": [
        0.9336976916968432,
        -0.10283685333329404,
        -0.34297697024216245,
        -0.23225078257272475,
        -0.3580623019250003,
        -0.26840756400986215,
        -0.8942867367474828,
        -0.3268179712271005,
        -0.00009197910937078224,
        0.9578005852883984,
        -0.2874335233772239,
        0.03059447777997744,
        0,
        0,
        0,
        1
      ],
      "fov": 50,
      "aspect": 1
    },
    {
      "camera_to_world": [
        0.9356952845004858,
        -0.10264088917545838,
        -0.33754878526344334,
        -0.22678630377004508,
        -0.35280920332983723,
        -0.2722837480949183,
        -0.8952023383398574,
        -0.3215726816685656,
        -0.00002468441726456716,
        0.9567269246721628,
        -0.2909872694775928,
        0.030153182711216902,
        0,
        0,
        0,
        1
      ],
      "fov": 50,
      "aspect": 1
    },
    {
      "camera_to_world": [
        0.9377848122519624,
        -0.10215626446229804,
        -0.33184897700710314,
        -0.22146614598461023,
        -0.3472170011816125,
        -0.2759098574180397,
        -0.8962779170938026,
        -0.31699988874904794,
        -1.3877787807814457e-17,
        0.9557394248489838,
        -0.29421446563575687,
        0.029748902959804188,
        0,
        0,
        0,
        1
      ],
      "fov": 50,
      "aspect": 1
    },
    {
      "camera_to_world": [
        0.9400974400059465,
        -0.10134249922734964,
        -0.3254942413386461,
        -0.2159497861345677,
        -0.3409058564557244,
        -0.2794159091107814,
        -0.897613472921382,
        -0.3129246663976807,
        0.000018123332031910747,
        0.9548070211231954,
        -0.297226432346443,
        0.029372133519422836,
        0,
        0,
        0,
        1
      ],
      "fov": 50,
      "aspect": 1
    },
    {
      "camera_to_world": [
        0.9426148643309367,
        -0.1002157072097467,
        -0.3184870948261803,
        -0.21022239490157713,
        -0.33388203351802387,
        -0.2827219676681004,
        -0.8992169241577622,
        -0.3094005044620442,
        0.00007236186328871132,
        0.9539523578388639,
        -0.29995815331047904,
        0.02903576084973455,
        0,
        0,
        0,
        1
      ],
      "fov": 50,
      "aspect": 1
    },
    {
      "camera_to_world": [
        0.9453115053663496,
        -0.09878491186217103,
        -0.310849962217127,
        -0.20429336077223598,
        -0.326168869920571,
        -0.2858288535386083,
        -0.9010636685493109,
        -0.30640285637720027,
        0.00016160675680704228,
        0.9531754338384871,
        -0.30241786688300715,
        0.028738115662694155,
        0,
        0,
        0,
        1
      ],
      "fov": 50,
      "aspect": 1
    },
    {
      "camera_to_world": [
        0.9481610842337301,
        -0.09705932173978642,
        -0.3026054302356951,
        -0.19817207223314184,
        -0.31778999020978804,
        -0.2887368645888205,
        -0.9031281997312894,
        -0.30390717557821034,
        0.00028366737618765186,
        0.9524759897713063,
        -0.3046135394922391,
        0.02847752867025648,
        0,
        0,
        0,
        1
      ],
      "fov": 50,
      "aspect": 1
    },
    {
      "camera_to_world": [
        0.9511368051027147,
        -0.09504842709214355,
        -0.29377640219444123,
        -0.19186791777089232,
        -0.30876947449123804,
        -0.2914458740861882,
        -0.9053842908403826,
        -0.301888915500136,
        0.0004354324348597033,
        0.9518535071036126,
        -0.3065529504231651,
        0.028252330584376373,
        0,
        0,
        0,
        1
      ],
      "fov": 50,
      "aspect": 1
    },
    {
      "camera_to_world": [
        0.9542115389226482,
        -0.09276208971085799,
        -0.28438624034813337,
        -0.18539028587208492,
        -0.2991320163203576,
        -0.29395543436888966,
        -0.9078051770160351,
        -0.30032352957803904,
        0.0006130244602717688,
        0.9513072044915208,
        -0.3082437783371126,
        0.02806085211700865,
        0,
        0,
        0,
        1
      ],
      "fov": 50,
      "aspect": 1
    },
    {
      "camera_to_world": [
        0.9573580100269842,
        -0.09021062400565459,
        -0.27445889301256643,
        -0.17874856502331724,
        -0.2889030657114261,
        -0.2962648865060387,
        -0.910363738099285,
        -0.2991864712469808,
        0.0008119480971157805,
        0.9508360323105527,
        -0.30969368802126596,
        0.02790142398010815,
        0,
        0,
        0,
        1
      ],
      "fov": 50,
      "aspect": 1
    },
    {
      "camera_to_world": [
        0.96054898615152,
        -0.0874048673798131,
        -0.2640190037887512,
        -0.17195214371118675,
        -0.2781089534631421,
        -0.2983734758648808,
        -0.9130326822759113,
        -0.29845319394202297,
        0.0010272326529282285,
        0.9504386661214003,
        -0.31091041593110075,
        0.027772376885629706,
        0,
        0,
        0,
        1
      ],
      "fov": 50,
      "aspect": 1
    },
    {
      "camera_to_world": [
        0.9637574717407689,
        -0.08435623811234298,
        -0.2530920005756301,
        -0.16501041042229111,
        -0.2667769934387947,
        -0.3002804731007123,
        -0.9157847308435371,
        -0.2980991510982272,
        0.001253569143829375,
        0.9501134998335442,
        -0.31190185315008234,
        0.02767204154552815,
        0,
        0,
        0,
        1
      ],
      "fov": 50,
      "aspect": 1
    },
    {
      "camera_to_world": [
        0.9669569037689614,
        -0.08107677913923109,
        -0.2417041624340631,
        -0.15793275364322792,
        -0.2549355599279745,
        -0.3019852996850312,
        -0.9185928037266305,
        -0.29809979615065507,
        0.0014854419388610762,
        0.949858639303002,
        -0.3126761244541962,
        0.02759874867175831,
        0,
        0,
        0,
        1
      ],
      "fov": 50,
      "aspect": 1
    },
    {
      "camera_to_world": [
        0.970121348693952,
        -0.07757918636699901,
        -0.22988266278878539,
        -0.15072856186059447,
        -0.2426141377655139,
        -0.3034876567036382,
        -0.9214302048363896,
        -0.29843058253436816,
        0.0017172549386232222,
        0.9496718970629642,
        -0.3132416622422801,
        0.027550828976275022,
        0,
        0,
        0,
        1
      ],
      "fov": 50,
      "aspect": 1
    },
    {
      "camera_to_world": [
        0.9732256986149552,
        -0.0738768204514484,
        -0.2176555879260091,
        -0.14340722356098862,
        -0.22984334349616228,
        -0.3047876553059703,
        -0.9242708058916468,
        -0.2990669636844281,
        0.0019434520671619405,
        0.9495507888328426,
        -0.31360727418379364,
        0.02752661317103312,
        0,
        0,
        0,
        1
      ],
      "fov": 50,
      "aspect": 1
    },
    {
      "camera_to_world": [
        0.9762458642394829,
        -0.06998370133101918,
        -0.20505193025991225,
        -0.13597812723100786,
        -0.21665491654801827,
        -0.30588594688707027,
        -0.9270892268992083,
        -0.2999843930358963,
        0.0021586317139449113,
        0.949492532379803,
        -0.31378220354907377,
        0.027524431967987435,
        0,
        0,
        0,
        1
      ],
      "fov": 50,
      "aspect": 1
    },
    {
      "camera_to_world": [
        0.9791589619006584,
        -0.0659144852109265,
        -0.1921015563940168,
        -0.12845066135724956,
        -0.20308168010485314,
        -0.3067838508507771,
        -0.9298610111532575,
        -0.3011583240238347,
        0.0023576546428943496,
        0.9494940492159742,
        -0.31377618132681473,
        0.027542616079092794,
        0,
        0,
        0,
        1
      ],
      "fov": 50,
      "aspect": 1
    },
    {
      "camera_to_world": [
        0.981943491620129,
        -0.06168442413974191,
        -0.17883515058125046,
        -0.1208342144263115,
        -0.18915747213157755,
        -0.307483477651647,
        -0.9325627923673776,
        -0.3025642100833046,
        0.0025357447942525317,
        0.9495519695044592,
        -0.31359946940092376,
        0.027579496216304036,
        0,
        0,
        0,
        1
      ],
      "fov": 50,
      "aspect": 1
    },
    {
      "camera_to_world": [
        0.9845795030968438,
        -0.05730930878872273,
        -0.16528413477321774,
        -0.1131381749247911,
        -0.17491704778703848,
        -0.3079878447554391,
        -0.9351724514100951,
        -0.3041775046493677,
        0.0026885823474970816,
        0.9496626404197748,
        -0.3132628942532172,
        0.027633403091575987,
        0,
        0,
        0,
        1
      ],
      "fov": 50,
      "aspect": 1
    },
    {
      "camera_to_world": [
        0.9870487465256563,
        -0.052805395517009544,
        -0.15148056702568488,
        -0.10537193133928596,
        -0.1603959552284856,
        -0.3083009832012611,
        -0.937669260082401,
        -0.3059736611570856,
        0.002812388392889699,
        0.9498221380666109,
        -0.31277787087660086,
        0.02770266741686348,
        0,
        0,
        0,
        1
      ],
      "fov": 50,
      "aspect": 1
    },
    {
      "camera_to_world": [
        0.9893348053133626,
        -0.04818931926171388,
        -0.13745702057248216,
        -0.09754487215639368,
        -0.14563038754401578,
        -0.3084280325952203,
        -0.9400340094556269,
        -0.30792813304151984,
        0.00290400057695478,
        0.9500262829093383,
        -0.3121564168203414,
        0.02778561990412135,
        0,
        0,
        0,
        1
      ],
      "fov": 50,
      "aspect": 1
    },
    {
      "camera_to_world": [
        0.9914232080580381,
        -0.043477994209125806,
        -0.12324644637254079,
        -0.08966638586271186,
        -0.13065701421394002,
        -0.30837532261261197,
        -0.9422491204773107,
        -0.3100163737377321,
        0.0029609391426761522,
        0.950270658508995,
        -0.3114111565379035,
        0.02788059126530443,
        0,
        0,
        0,
        1
      ],
      "fov": 50,
      "aspect": 1
    },
    {
      "camera_to_world": [
        0.9933015175780677,
        -0.03868850456089788,
        -0.10888202235423901,
        -0.08174586094483775,
        -0.11551279607137502,
        -0.3081504394245873,
        -0.9442987348430616,
        -0.31221383668078395,
        0.0029814628759294026,
        0.9505506332107065,
        -0.31055531646044043,
        0.027985912212367552,
        0,
        0,
        0,
        1
      ],
      "fov": 50,
      "aspect": 1
    },
    {
      "camera_to_world": [
        0.9949593953013656,
        -0.03383798798868178,
        -0.09439699290983276,
        -0.07379268588936938,
        -0.100234788181882,
        -0.30776227588171506,
        -0.9461687845105863,
        -0.314495975305737,
        0.0029646145912146067,
        0.9508613842790046,
        -0.3096027114663899,
        0.028099913457265546,
        0,
        0,
        0,
        1
      ],
      "fov": 50,
      "aspect": 1
    },
    {
      "camera_to_world": [
        0.9963886399287177,
        -0.02894351455778151,
        -0.07982450241651129,
        -0.06581624918290394,
        -0.08485993537227447,
        -0.30722106476212474,
        -0.9478470386803135,
        -0.3168382430476527,
        0.0029102559360863513,
        0.9511979238473295,
        -0.30856772365060575,
        0.028220925711953244,
        0,
        0,
        0,
        1
      ],
      "fov": 50,
      "aspect": 1
    },
    {
      "camera_to_world": [
        0.9975831999396447,
        -0.024021963985474768,
        -0.06519742667053405,
        -0.05782593931203908,
        -0.06942486529719342,
        -0.306538394903762,
        -0.9493231275642092,
        -0.3192160933415929,
        0.0028190914574844736,
        0.9515551259365407,
        -0.30746527450632294,
        0.028347279688385484,
        0,
        0,
        0,
        1
      ],
      "fov": 50,
      "aspect": 1
    },
    {
      "camera_to_world": [
        0.9985391601839997,
        -0.019089904079022064,
        -0.05054820611343734,
        -0.0498311447633724,
        -0.05396568393368363,
        -0.30572721056454394,
        -0.9505885427870423,
        -0.32160497962261897,
        0.0026926820463191764,
        0.9519277537096377,
        -0.30631079181236937,
        0.028477306098517088,
        0,
        0,
        0,
        1
      ],
      "fov": 50,
      "aspect": 1
    },
    {
      "camera_to_world": [
        0.9992547034666746,
        -0.014163473074410772,
        -0.03590868460691418,
        -0.041841254023501515,
        -0.03851777824203776,
        -0.30480179486631914,
        -0.9516366147882118,
        -0.3239803553257926,
        0.002533448050700245,
        0.952310486068877,
        -0.3051201726602711,
        0.028609335654302893,
        0,
        0,
        0,
        1
      ],
      "fov": 50,
      "aspect": 1
    },
    {
      "camera_to_world": [
        0.9997300486567423,
        -0.009258268377742249,
        -0.021309957283706826,
        -0.03386565557902374,
        -0.023115630436550356,
        -0.30377773865541974,
        -0.9524624680935833,
        -0.3263176738861755,
        0.0023446625148491073,
        0.9526979426681077,
        -0.3039097441571202,
        0.028741699067697735,
        0,
        0,
        0,
        1
      ],
      "fov": 50,
      "aspect": 1
    },
    {
      "camera_to_world": [
        0.9999673674100141,
        -0.004389243910206414,
        -0.006782230678976969,
        -0.025913737916536905,
        -0.007792647890649212,
        -0.3026718965339147,
        -0.9530629557838326,
        -0.3285923887388291,
        0.0021304351523810535,
        0.9530847064067599,
        -0.30269622339831326,
        0.028872727050656435,
        0,
        0,
        0,
        1
      ],
      "fov": 50,
      "aspect": 1
    },
    {
      "camera_to_world": [
        0.9999706820639955,
        0.0004293821077872944,
        0.007645302052464172,
        -0.01799488952263858,
        0.007418987819121408,
        -0.30150233216528094,
        -0.9534365748798587,
        -0.33077995331881493,
        0.0018956877927625447,
        0.9534653424901727,
        -0.30149667831982874,
        0.029000750315133838,
        0,
        0,
        0,
        1
      ],
      "fov": 50,
      "aspect": 1
    },
    {
      "camera_to_world": [
        0.9997457476311861,
        0.0051842075073647055,
        0.0219445684824646,
        -0.010118498883925992,
        0.02248844981875649,
        -0.3002882552249371,
        -0.9535833646822456,
        -0.3328558210611948,
        0.0016461221431796468,
        0.9538344131800255,
        -0.30032849101509856,
        0.029124099573084775,
        0,
        0,
        0,
        1
      ],
      "fov": 50,
      "aspect": 1
    },
    {
      "camera_to_world": [
        0.9992999210716054,
        0.009862713663255081,
        0.036088704957090746,
        -0.00229395448699702,
        0.03738637051656579,
        -0.29904995254410927,
        -0.9535047903303706,
        -0.33479544540103023,
        0.0013881807812258316,
        0.9541864874135257,
        -0.29920932504110903,
        0.02924110553646407,
        0,
        0,
        0,
        1
      ],
      "fov": 50,
      "aspect": 1
    },
    {
      "camera_to_world": [
        0.9986420211659083,
        0.014453319567432057,
        0.050052123982418845,
        0.005469355181550929,
        0.05208492023031025,
        -0.2978087160844866,
        -0.953203613982192,
        -0.3365742797733828,
        0.0011290023347899291,
        0.9545161445348063,
        -0.2981570981481687,
        0.02935009891722656,
        0,
        0,
        0,
        1
      ],
      "fov": 50,
      "aspect": 1
    },
    {
      "camera_to_world": [
        0.9977821823401134,
        0.018945422339953402,
        0.06381056007403146,
        0.013162041635120254,
        0.06655785886763875,
        -0.2965867703856266,
        -0.9526837560571604,
        -0.33816777761331396,
        0.0008763718139389587,
        0.9548179714503622,
        -0.29718996175486706,
        0.029449410427327072,
        0,
        0,
        0,
        1
      ],
      "fov": 50,
      "aspect": 1
    },
    {
      "camera_to_world": [
        0.9967317057207767,
        0.02332942441211763,
        0.07734109365369861,
        0.020774716387113423,
        0.08078056025658267,
        -0.2954072020559398,
        -0.9519501489353914,
        -0.3395513923558856,
        0.0006386670364931755,
        0.9550865525857226,
        -0.2963262883618935,
        0.02953737077872045,
        0,
        0,
        0,
        1
      ],
      "fov": 50,
      "aspect": 1
    },
    {
      "camera_to_world": [
        0.9955029105385612,
        0.027596747946417498,
        0.09062215298720055,
        0.02829799095093271,
        0.09473000924988548,
        -0.29429389374336884,
        -0.9510085853728574,
        -0.3407005774361591,
        0.00042480203659670337,
        0.9553164520765611,
        -0.2955846679634806,
        0.02961231068336152,
        0,
        0,
        0,
        1
      ],
      "fov": 50,
      "aspect": 1
    },
    {
      "camera_to_world": [
        0.9941089887647435,
        0.03173983732634857,
        0.10363349450653468,
        0.035722476839981004,
        0.1083847721730153,
        -0.2932714648378207,
        -0.9498655636840839,
        -0.34159078628919615,
        0.0002441682669604532,
        0.9555021876680219,
        -0.2949839143809059,
        0.029672560853205104,
        0,
        0,
        0,
        1
      ],
      "fov": 50,
      "aspect": 1
    },
    {
      "camera_to_world": [
        0.9925638655771,
        0.03575215074984466,
        0.11635616213765801,
        0.043038785567660234,
        0.12172494153854527,
        -0.29236522093925876,
        -0.948528131471374,
        -0.3421974723500582,
        0.00010657430418755526,
        0.9556381958157065,
        -0.2945430823156757,
        0.029716452000206048,
        0,
        0,
        0,
        1
      ],
      "fov": 50,
      "aspect": 1
    },
    {
      "camera_to_world": [
        0.9908820679271034,
        0.03962814208921972,
        0.1287724264548272,
        0.05023752864737306,
        0.13473205620173964,
        -0.29160111388835935,
        -0.9470037293541769,
        -0.342496089053807,
        0.00002218464646614599,
        0.955718787475492,
        -0.2942814958066795,
        0.029742314836319172,
        0,
        0,
        0,
        1
      ],
      "fov": 50,
      "aspect": 1
    },
    {
      "camera_to_world": [
        0.9890814817795013,
        0.043359021312060514,
        0.14084678793542424,
        0.057296259341373786,
        0.1473696793809993,
        -0.2910075414754289,
        -0.9453024851356142,
        -0.3424619858560444,
        8.68824600458451e-8,
        0.9557377287076652,
        -0.2942199754005593,
        0.029748070138209508,
        0,
        0,
        0,
        1
      ],
      "fov": 50,
      "aspect": 1
    },
    {
      "camera_to_world": [
        0.9870920311004224,
        0.04714580939167863,
        0.1530574885291358,
        0.06443004167681013,
        0.16015405744170938,
        -0.2906066623856064,
        -0.9433442879787083,
        -0.34206656945333175,
        0.0000047959028024180395,
        0.9556804070576637,
        -0.29440611329097377,
        0.029719706240446068,
        0,
        0,
        0,
        1
      ],
      "fov": 50,
      "aspect": 1
    },
    {
      "camera_to_world": [
        0.984830481862338,
        0.05113936655369447,
